1.750413030385971069e-01
1.455048471689224243e-01
1.250159591436386108e-01
1.501254588365554810e-01
2.749398648738861084e-01
2.136156409978866577e-01
3.998314440250396729e-01
1.636118888854980469e-01
2.333786338567733765e-01
1.589059531688690186e-01
3.835306763648986816e-01
2.395572513341903687e-01
2.068340480327606201e-01
3.389855921268463135e-01
4.094029068946838379e-01
1.690380573272705078e-01
3.082415461540222168e-01
1.891955584287643433e-01
2.923844456672668457e-01
1.585350930690765381e-01
2.261576950550079346e-01
3.406593501567840576e-01
2.629831135272979736e-01
3.548448085784912109e-01
1.536524444818496704e-01
2.022689729928970337e-01
2.221691906452178955e-01
3.175926804542541504e-01
4.131321609020233154e-01
1.570984572172164917e-01
2.051134556531906128e-01
1.824553310871124268e-01
4.900442957878112793e-01
2.358229011297225952e-01
1.298714727163314819e-01
1.120694577693939209e-01
1.832373142242431641e-01
2.422429919242858887e-01
3.324618935585021973e-01
1.535730361938476562e-01
3.104310929775238037e-01
2.228996306657791138e-01
2.366110533475875854e-01
2.550983428955078125e-01
3.248678743839263916e-01
2.991164326667785645e-01
2.091820240020751953e-01
3.365889489650726318e-01
4.814717173576354980e-01
1.913289725780487061e-01
3.304079174995422363e-01
1.650062799453735352e-01
5.513352155685424805e-01
1.523514688014984131e-01
4.563285112380981445e-01
3.829032778739929199e-01
1.646821945905685425e-01
1.777316629886627197e-01
3.779520988464355469e-01
1.347244232892990112e-01
1.448527872562408447e-01
2.184084653854370117e-01
1.977432966232299805e-01
2.738899290561676025e-01
