-9.470866620540618896e-02
5.764113366603851318e-02
1.879984736442565918e-01
5.949216336011886597e-02
7.788772135972976685e-02
-1.561262756586074829e-01
4.983279481530189514e-02
7.819424569606781006e-02
2.900220453739166260e-01
-2.698033154010772705e-01
-2.176866829395294189e-01
1.944466233253479004e-01
3.271752893924713135e-01
6.781921535730361938e-02
3.061085939407348633e-01
9.692161530256271362e-02
-3.087140619754791260e-01
1.704840511083602905e-01
3.936063498258590698e-02
1.004852280020713806e-01
-1.339917480945587158e-01
-1.086416617035865784e-01
-1.226599514484405518e-01
1.290275603532791138e-01
2.058715075254440308e-01
3.250430524349212646e-01
1.435569375753402710e-01
-4.174610599875450134e-02
-7.962598651647567749e-02
-1.362118870019912720e-01
1.496315300464630127e-01
-4.113827347755432129e-01
6.305079907178878784e-02
2.506516575813293457e-01
1.770943552255630493e-01
5.041397735476493835e-02
1.784502118825912476e-01
-5.759241804480552673e-02
-2.299133092164993286e-01
1.048026606440544128e-03
-9.442212432622909546e-02
-2.759717702865600586e-01
1.642575860023498535e-02
1.863659620285034180e-01
-1.976033449172973633e-01
1.457103788852691650e-01
-2.808209955692291260e-01
-1.983191221952438354e-01
-1.090206503868103027e-01
-1.783610880374908447e-01
1.583861857652664185e-01
-2.476566880941390991e-01
-1.093817353248596191e-01
-4.850172400474548340e-01
2.046233117580413818e-01
2.654680982232093811e-02
-2.418202161788940430e-01
3.211834728717803955e-01
-5.674266815185546875e-01
-1.908743828535079956e-01
-4.885132610797882080e-01
-4.171766638755798340e-01
1.251597702503204346e-01
-2.985250651836395264e-01
-2.819780111312866211e-01
-1.673016548156738281e-01
1.882336586713790894e-01
-6.575592756271362305e-01
-4.061929583549499512e-01
-2.348259389400482178e-01
7.459260523319244385e-02
-4.843628704547882080e-01
1.801981329917907715e-01
-1.388382017612457275e-01
2.730434760451316833e-02
1.653830260038375854e-01
-5.289921760559082031e-01
6.949413567781448364e-02
-1.672334969043731689e-01
6.495750695466995239e-02
-1.589328795671463013e-01
-5.689553618431091309e-01
-2.322129905223846436e-03
6.908232718706130981e-02
2.423118203878402710e-01
-1.945765316486358643e-01
1.667403280735015869e-01
9.551496058702468872e-02
1.530470550060272217e-01
-1.394900772720575333e-02
-1.218471750617027283e-01
1.128616258502006531e-01
2.292674407362937927e-02
7.983861863613128662e-02
-3.571068942546844482e-01
-2.257859706878662109e-01
-9.807080775499343872e-02
1.977503150701522827e-01
-3.259860873222351074e-01
1.495619118213653564e-01
-3.702328801155090332e-01
2.492975294589996338e-01
-3.759481608867645264e-01
-1.210951879620552063e-01
-1.269591003656387329e-01
-2.537980675697326660e-01
-1.531455516815185547e-01
-3.389743864536285400e-01
5.609250627458095551e-03
-5.643873810768127441e-01
-3.785870969295501709e-01
2.597237527370452881e-01
-1.788491755723953247e-01
-5.086916685104370117e-01
-1.911548823118209839e-01
5.069537460803985596e-02
1.487025022506713867e-01
1.361998766660690308e-01
-2.783362567424774170e-01
-3.604303300380706787e-01
7.282857596874237061e-02
-9.191477298736572266e-02
1.593624800443649292e-01
9.244926273822784424e-02
-1.353514343500137329e-01
2.963829040527343750e-01
2.207162678241729736e-01
7.385920733213424683e-02
