3.879026174545288086e-01
-2.694482803344726562e-01
1.038959324359893799e-01
1.938476264476776123e-01
-3.524595797061920166e-01
-3.003035187721252441e-01
-2.030337750911712646e-01
-2.302516438066959381e-02
2.127616107463836670e-01
5.456245318055152893e-02
1.475001126527786255e-01
-4.045322835445404053e-01
8.014920353889465332e-02
-2.305845171213150024e-01
1.142061576247215271e-01
-2.021024823188781738e-01
8.037898689508438110e-02
-6.371106952428817749e-02
5.224135890603065491e-02
-2.623939700424671173e-02
-7.562086582183837891e-01
-4.598411545157432556e-02
1.901112869381904602e-02
-1.439438909292221069e-01
4.979903995990753174e-02
-2.562214434146881104e-01
1.369716823101043701e-01
-1.234936490654945374e-01
1.278411317616701126e-02
-2.444715052843093872e-01
-2.291436195373535156e-01
-2.005565166473388672e-01
-5.639402940869331360e-02
1.193704735487699509e-02
-1.056402325630187988e-01
4.304005950689315796e-02
-1.061593648046255112e-02
-1.456031110137701035e-02
-1.297300755977630615e-01
-5.177550911903381348e-01
-1.577285677194595337e-01
-4.993623867630958557e-02
-7.518154382705688477e-02
-3.366033732891082764e-01
1.084051430225372314e-01
1.013239398598670959e-01
2.470315545797348022e-01
-4.315286278724670410e-01
-5.547791346907615662e-02
-8.465503156185150146e-02
-2.530080676078796387e-01
-3.751580417156219482e-01
-1.243283674120903015e-01
1.020577251911163330e-01
-2.889905571937561035e-01
-2.677179276943206787e-01
4.075493812561035156e-01
-4.023184180259704590e-01
-5.546430498361587524e-02
-1.397864669561386108e-01
9.423087537288665771e-02
-2.677223645150661469e-03
-9.336607903242111206e-02
-2.948932349681854248e-01
6.170301884412765503e-02
-2.268835306167602539e-01
1.157835796475410461e-01
-2.182278186082839966e-01
-3.324778079986572266e-01
1.575965993106365204e-02
-1.480363011360168457e-01
-1.159362718462944031e-01
1.657035388052463531e-02
-1.365783065557479858e-01
-2.677868492901325226e-02
-3.438387215137481689e-01
3.482091426849365234e-01
-4.113424941897392273e-02
-2.307426035404205322e-01
-1.810253560543060303e-01
-3.406256139278411865e-01
-2.889923453330993652e-01
1.724638789892196655e-02
-2.496598660945892334e-01
-2.336873710155487061e-01
2.109869867563247681e-01
-2.357725650072097778e-01
3.557766601443290710e-02
-1.519416719675064087e-01
1.809580177068710327e-01
3.100153505802154541e-01
-2.198545485734939575e-01
-2.730374038219451904e-01
1.478110402822494507e-01
-4.420818760991096497e-02
-2.201148122549057007e-01
-4.467283189296722412e-01
-2.776888608932495117e-01
-4.192087426781654358e-02
-3.988665714859962463e-02
7.449101656675338745e-02
-3.650127649307250977e-01
-1.029875203967094421e-01
5.787543579936027527e-02
-2.374816089868545532e-01
6.963080167770385742e-02
1.540340185165405273e-01
1.153742149472236633e-01
1.181561052799224854e-01
-2.754608541727066040e-02
-3.910679370164871216e-02
-7.740159332752227783e-02
-2.801626920700073242e-01
2.494435757398605347e-01
-2.337516248226165771e-01
6.495130062103271484e-02
-5.032760277390480042e-02
8.825591951608657837e-02
-1.822793483734130859e-01
-1.402838807553052902e-02
-1.956317722797393799e-01
6.773949414491653442e-02
-1.404847353696823120e-01
-1.090661212801933289e-01
-1.059058308601379395e-01
-8.675858378410339355e-03
-1.829215907491743565e-03
1.698614507913589478e-01
-1.712790876626968384e-02
-1.366036683320999146e-01
5.044723674654960632e-02
-2.227704375982284546e-01
2.718411087989807129e-01
-5.045643448829650879e-02
3.409499824047088623e-01
3.164812922477722168e-01
-5.067629218101501465e-01
-2.219860553741455078e-01
-2.204369157552719116e-01
1.325597763061523438e-01
-2.413845956325531006e-01
-5.226314067840576172e-01
-1.755889058113098145e-01
-3.774066865444183350e-01
2.597876489162445068e-01
-1.291547417640686035e-01
-1.429476737976074219e-01
9.504903852939605713e-02
9.959987550973892212e-02
-6.968834251165390015e-02
-4.186457395553588867e-02
-1.469120234251022339e-01
-4.816439747810363770e-01
4.475842416286468506e-02
-3.433447182178497314e-01
-1.166142895817756653e-01
-9.349054843187332153e-02
-2.006041631102561951e-02
-2.474207133054733276e-01
-1.371927708387374878e-01
-3.857917189598083496e-01
-1.076077483594417572e-02
1.461532413959503174e-01
-1.887484341859817505e-01
-2.684396505355834961e-01
-2.426952719688415527e-01
3.422274813055992126e-02
-3.397516012191772461e-01
3.521187976002693176e-02
-1.077467873692512512e-01
2.312699109315872192e-01
-2.830557227134704590e-01
-1.063008531928062439e-01
-3.829574882984161377e-01
-7.445687055587768555e-02
-4.321690648794174194e-02
-1.559983044862747192e-01
2.647893726825714111e-01
-2.736397087574005127e-01
-5.943095088005065918e-01
-2.446624487638473511e-01
2.969849109649658203e-02
-5.938491597771644592e-02
-2.040503621101379395e-01
-1.411204338073730469e-01
2.832804918289184570e-01
2.421492636203765869e-01
3.585813939571380615e-01
-4.197796881198883057e-01
-2.359494119882583618e-01
2.633658349514007568e-01
-3.326151371002197266e-01
-1.070841252803802490e-01
-3.454733788967132568e-01
-1.047557666897773743e-01
8.095786906778812408e-03
-1.785995066165924072e-01
-3.238901793956756592e-01
-6.012999266386032104e-02
-7.957966998219490051e-03
-2.741325497627258301e-01
2.350756712257862091e-02
-1.009181439876556396e-01
1.578395068645477295e-01
-1.250178813934326172e-01
-1.267567183822393417e-02
2.542232871055603027e-01
-2.107135355472564697e-01
-2.427378147840499878e-01
1.272199004888534546e-01
-1.805563718080520630e-01
-5.150384455919265747e-02
-5.519512668251991272e-02
-1.670278459787368774e-01
-2.167061902582645416e-02
-2.869646847248077393e-01
-2.115597128868103027e-01
1.316486150026321411e-01
5.033655837178230286e-02
5.153698921203613281e-01
-2.341396063566207886e-01
-1.201090365648269653e-01
-3.029068745672702789e-02
-5.942352116107940674e-02
7.301767915487289429e-02
-2.074171602725982666e-02
4.107579886913299561e-01
3.748585283756256104e-02
-4.288607835769653320e-01
1.854831874370574951e-01
-1.720377057790756226e-01
-3.253690004348754883e-01
-4.652376174926757812e-01
1.328928768634796143e-01
-1.524334847927093506e-01
2.266847789287567139e-01
-4.842412471771240234e-01
-1.506884992122650146e-01
-2.052719444036483765e-01
-1.289071738719940186e-01
-1.346942335367202759e-01
1.342285573482513428e-01
-1.251378804445266724e-01
-5.176653340458869934e-02
3.395860269665718079e-02
-3.761809319257736206e-02
-2.453979253768920898e-01
-1.149975657463073730e-01
-4.817501083016395569e-02
3.106094002723693848e-01
2.877889387309551239e-02
7.161008566617965698e-02
-2.284847944974899292e-01
1.482801884412765503e-01
3.758666664361953735e-02
-2.069581300020217896e-01
