7.959585785865783691e-01
4.814364910125732422e-01
5.919879674911499023e-01
3.882736861705780029e-01
5.448293089866638184e-01
4.070735573768615723e-01
4.113103449344635010e-01
3.294670283794403076e-01
3.625134229660034180e-01
5.305121541023254395e-01
3.296206295490264893e-01
4.830993711948394775e-01
3.041874170303344727e-01
7.809883952140808105e-01
6.768596768379211426e-01
4.102015197277069092e-01
4.077438414096832275e-01
4.849042892456054688e-01
3.100966513156890869e-01
4.864309132099151611e-01
4.919264912605285645e-01
3.449433445930480957e-01
5.844790935516357422e-01
4.242392182350158691e-01
3.453396260738372803e-01
4.521619081497192383e-01
5.287720561027526855e-01
4.537175297737121582e-01
3.155774772167205811e-01
4.447305798530578613e-01
3.917103111743927002e-01
3.799225389957427979e-01
3.912359476089477539e-01
6.502537727355957031e-01
3.683799505233764648e-01
4.703933894634246826e-01
3.224617242813110352e-01
3.178751468658447266e-01
4.994964897632598877e-01
5.151960253715515137e-01
4.186445176601409912e-01
8.200435638427734375e-01
5.872201323509216309e-01
3.550173342227935791e-01
5.877059698104858398e-01
6.227562427520751953e-01
6.885303258895874023e-01
3.245105147361755371e-01
5.765036344528198242e-01
5.307670831680297852e-01
3.541335463523864746e-01
6.732775568962097168e-01
3.649018406867980957e-01
3.147861659526824951e-01
5.874745845794677734e-01
5.076174139976501465e-01
5.667217969894409180e-01
5.885806679725646973e-01
3.919596672058105469e-01
3.987773656845092773e-01
3.423490524291992188e-01
6.164410710334777832e-01
7.605081200599670410e-01
3.641085028648376465e-01
4.389853477478027344e-01
5.508790016174316406e-01
4.143365919589996338e-01
4.919890463352203369e-01
6.212368607521057129e-01
3.270716071128845215e-01
3.780303299427032471e-01
4.455236792564392090e-01
2.751451432704925537e-01
2.919469773769378662e-01
3.448798060417175293e-01
5.399976968765258789e-01
5.129746794700622559e-01
4.728935360908508301e-01
4.588785767555236816e-01
4.043939113616943359e-01
3.649905025959014893e-01
4.383631050586700439e-01
7.873591184616088867e-01
5.836064815521240234e-01
6.172824501991271973e-01
5.706959366798400879e-01
5.957073569297790527e-01
3.329024612903594971e-01
5.683352947235107422e-01
4.730980694293975830e-01
3.943124711513519287e-01
4.308310747146606445e-01
6.654736995697021484e-01
6.214752197265625000e-01
3.964341878890991211e-01
6.175739765167236328e-01
4.126468002796173096e-01
3.083150982856750488e-01
4.120807051658630371e-01
4.139982163906097412e-01
6.200144886970520020e-01
3.610005974769592285e-01
5.639777779579162598e-01
2.851452827453613281e-01
9.801605939865112305e-01
4.372813105583190918e-01
6.822412014007568359e-01
6.048531532287597656e-01
3.008184731006622314e-01
4.050745368003845215e-01
3.382312953472137451e-01
3.144837021827697754e-01
5.307734012603759766e-01
4.647672176361083984e-01
3.283884823322296143e-01
5.323752760887145996e-01
2.961221039295196533e-01
4.021884202957153320e-01
3.085733950138092041e-01
3.511104881763458252e-01
4.942059218883514404e-01
8.810679912567138672e-01
7.398670911788940430e-01
6.908758282661437988e-01
5.339019298553466797e-01
4.006204605102539062e-01
5.424396395683288574e-01
6.445806026458740234e-01
