-8.634729683399200439e-02
2.425496131181716919e-01
-4.800945818424224854e-01
-1.762848943471908569e-01
4.273346364498138428e-01
-1.492689251899719238e-01
1.223714873194694519e-01
-6.061730161309242249e-02
1.718011945486068726e-01
-1.079374924302101135e-01
-2.918209135532379150e-01
4.973679408431053162e-02
-1.018109321594238281e-01
-3.852362334728240967e-01
-2.442113310098648071e-01
-3.609287738800048828e-02
-1.197226345539093018e-01
1.763321608304977417e-01
-1.547528207302093506e-01
-3.951381444931030273e-01
-2.151972502470016479e-01
-7.849548757076263428e-02
-2.181592136621475220e-01
-4.137098789215087891e-01
4.888580366969108582e-02
-4.837825894355773926e-01
9.989075362682342529e-02
-1.674583368003368378e-02
3.015940785408020020e-01
-2.766404151916503906e-01
-1.003485638648271561e-02
3.408242017030715942e-02
3.997540846467018127e-02
4.075026214122772217e-01
-2.305669151246547699e-02
-3.591784536838531494e-01
-2.536216378211975098e-01
-2.561732828617095947e-01
-3.932290077209472656e-01
4.093923605978488922e-03
4.428171813488006592e-01
5.322849377989768982e-02
-1.587827503681182861e-01
-2.857521176338195801e-01
-1.776596754789352417e-01
8.873943984508514404e-02
3.351120948791503906e-01
-2.802284061908721924e-01
2.246723473072052002e-01
-8.753563463687896729e-02
9.286858141422271729e-02
-4.684391617774963379e-02
3.182077407836914062e-02
1.553091555833816528e-01
-1.380863040685653687e-01
2.188026905059814453e-01
-2.180396169424057007e-01
-1.888942420482635498e-01
-9.924753010272979736e-02
-2.199346125125885010e-01
3.384181857109069824e-01
-1.177697791717946529e-03
1.256674826145172119e-01
5.090871080756187439e-02
-2.517769932746887207e-01
-1.867512464523315430e-01
-1.572699248790740967e-01
-3.065996058285236359e-02
-1.546708643436431885e-01
-8.348202705383300781e-01
1.435923874378204346e-01
2.554103136062622070e-01
1.220246702432632446e-01
-4.181988835334777832e-01
-1.988239027559757233e-02
-1.761929541826248169e-01
-7.683104369789361954e-03
-1.843192577362060547e-01
-4.459696710109710693e-01
-4.190040528774261475e-01
-3.539392352104187012e-01
-2.573118209838867188e-01
-3.754010498523712158e-01
-2.141645252704620361e-01
-2.310910075902938843e-02
-1.182310059666633606e-01
-1.531329452991485596e-01
-4.165622889995574951e-01
7.611340284347534180e-02
1.406482756137847900e-01
-3.180719614028930664e-01
-4.055617451667785645e-01
-1.812808066606521606e-01
-4.325557947158813477e-01
-2.340629696846008301e-01
-4.752668365836143494e-02
-1.871741563081741333e-01
-1.826911270618438721e-01
-1.656097024679183960e-01
1.678793877363204956e-01
-4.516948759555816650e-02
-2.309480868279933929e-02
4.521054029464721680e-02
1.353320330381393433e-01
2.159567475318908691e-01
-1.123080030083656311e-01
2.080195024609565735e-02
3.543167710304260254e-01
2.541997432708740234e-01
7.473384588956832886e-02
-2.612165808677673340e-01
-1.740192472934722900e-01
-1.225802116096019745e-02
-2.063584327697753906e-01
-2.009957656264305115e-02
9.488803893327713013e-02
-1.375263929367065430e-01
5.964881181716918945e-02
1.049248035997152328e-02
-1.910341978073120117e-01
-2.850322425365447998e-01
4.550874605774879456e-02
-2.461490035057067871e-01
-1.489931941032409668e-01
-1.054865419864654541e-01
-3.925905376672744751e-02
3.891362994909286499e-02
-3.158956766128540039e-01
3.389959037303924561e-02
3.581109270453453064e-02
3.016989827156066895e-01
3.704125434160232544e-02
-7.814698666334152222e-02
1.132609471678733826e-01
-4.847285747528076172e-01
-4.330787360668182373e-01
7.358159124851226807e-02
7.325821556150913239e-03
-4.356957599520683289e-02
-4.289965331554412842e-01
-3.486984968185424805e-01
-1.470234710723161697e-02
1.609753072261810303e-01
-2.136137522757053375e-02
-1.723027080297470093e-01
1.626758575439453125e-01
9.346103668212890625e-02
-3.473313152790069580e-01
-2.309192419052124023e-01
1.785288155078887939e-01
3.490104973316192627e-01
-2.671069204807281494e-01
-2.839548885822296143e-01
8.279922604560852051e-02
-3.243772983551025391e-01
-1.711295247077941895e-01
-1.766055673360824585e-01
6.716370582580566406e-02
2.969285249710083008e-01
1.477153301239013672e-01
2.492333650588989258e-01
7.862867414951324463e-02
-1.508733630180358887e-02
5.376443639397621155e-02
2.314480543136596680e-01
2.409330382943153381e-02
-2.825538516044616699e-01
-4.643307998776435852e-02
-4.421780109405517578e-01
-5.750413537025451660e-01
1.770545095205307007e-01
-3.790556266903877258e-02
-1.392858773469924927e-01
-3.382988572120666504e-01
-6.433666683733463287e-03
-7.680835574865341187e-02
-4.728972166776657104e-02
5.922890305519104004e-01
-2.720507979393005371e-01
-1.949116438627243042e-01
-1.320609450340270996e-01
-4.080075398087501526e-02
9.045264869928359985e-02
-2.824296057224273682e-01
-6.985370814800262451e-02
1.520052105188369751e-01
-3.414157927036285400e-01
-4.358769580721855164e-02
-2.395300418138504028e-01
-4.266132414340972900e-01
-1.308028250932693481e-01
6.131835579872131348e-01
-2.615311145782470703e-01
-1.893716156482696533e-01
1.050820797681808472e-01
2.977431006729602814e-02
5.394621752202510834e-03
1.491964608430862427e-01
1.898653507232666016e-01
-1.350495815277099609e-01
3.115519285202026367e-01
-1.719287335872650146e-01
-9.840611368417739868e-02
1.915136817842721939e-03
-2.881715297698974609e-01
2.894791662693023682e-01
-3.864217698574066162e-01
-2.684675455093383789e-01
-2.892057001590728760e-01
2.421598732471466064e-01
-1.516268849372863770e-01
-4.656799733638763428e-01
-2.722344994544982910e-01
2.718161642551422119e-01
-2.622220218181610107e-01
-9.277532249689102173e-02
-8.277095854282379150e-02
-3.458399176597595215e-01
-8.394648134708404541e-02
-1.288156211376190186e-01
-1.366050839424133301e-01
3.677471280097961426e-01
4.382901266217231750e-02
-1.611135005950927734e-01
-2.610067725181579590e-01
-1.973179280757904053e-01
8.087332546710968018e-02
-3.681247830390930176e-01
4.802060127258300781e-02
1.041158288717269897e-01
5.101961549371480942e-03
-2.940895855426788330e-01
-2.774326205253601074e-01
2.426402568817138672e-01
-2.413739264011383057e-01
-4.952718615531921387e-01
1.018978655338287354e-01
2.559790313243865967e-01
1.657043099403381348e-01
-7.930555939674377441e-02
-4.307540655136108398e-01
-1.679477840662002563e-01
-2.264269739389419556e-01
-5.640556104481220245e-03
1.048804149031639099e-01
-9.900265932083129883e-02
9.820123016834259033e-02
-1.915590316057205200e-01
-3.582558631896972656e-01
-4.637198522686958313e-03
4.541710019111633301e-02
-4.778371453285217285e-01
-7.146377116441726685e-02
3.250031918287277222e-02
3.037358224391937256e-01
2.663486897945404053e-01
