-2.088513374328613281e-01
-3.747344613075256348e-01
-4.212416410446166992e-01
6.707889437675476074e-01
-4.627228975296020508e-01
1.417219042778015137e+00
-3.164706826210021973e-01
-3.089457452297210693e-01
9.368137121200561523e-01
2.825562953948974609e-01
-5.179871916770935059e-01
-9.088751673698425293e-01
7.648290991783142090e-01
-2.179953753948211670e-01
1.090019345283508301e+00
-5.402461066842079163e-02
4.196251928806304932e-01
1.013189703226089478e-01
-8.310979008674621582e-01
3.293209969997406006e-01
-5.332265496253967285e-01
-4.699030518531799316e-01
-3.792167603969573975e-01
7.586768865585327148e-01
-5.454397946596145630e-02
-5.932960659265518188e-02
-4.210178554058074951e-01
9.213630855083465576e-02
-3.454613089561462402e-01
-2.079383134841918945e-01
5.414542555809020996e-01
7.942163944244384766e-01
-1.919840723276138306e-01
-3.124388456344604492e-01
-7.036394625902175903e-02
8.882765471935272217e-02
9.844737052917480469e-01
-1.595880687236785889e-01
-4.933970794081687927e-02
-1.297320276498794556e-01
4.924612343311309814e-01
1.441808193922042847e-01
9.413362145423889160e-01
-3.932879492640495300e-02
-4.663060903549194336e-01
1.289634108543395996e+00
-3.221825882792472839e-02
-2.174996733665466309e-01
1.186028793454170227e-01
6.074273586273193359e-01
-9.754492044448852539e-01
1.703032292425632477e-02
3.998813629150390625e-01
-4.098116885870695114e-03
-6.079367175698280334e-02
1.353953182697296143e-01
-1.744921952486038208e-01
8.528993725776672363e-01
-1.374662220478057861e-01
-4.276735186576843262e-01
-9.212317317724227905e-02
-1.398689597845077515e-01
-3.997448384761810303e-01
-2.458138018846511841e-02
