-1.301392614841461182e-01
-1.270408034324645996e-01
2.213291227817535400e-01
-2.084476351737976074e-01
7.459557056427001953e-02
6.355985254049301147e-02
2.091754376888275146e-01
2.287530303001403809e-01
-7.538612931966781616e-02
2.259645015001296997e-01
-1.813119798898696899e-01
1.290917396545410156e-01
-4.963207989931106567e-02
-2.178117334842681885e-01
1.791814807802438736e-03
-2.658074498176574707e-01
-2.435317635536193848e-02
8.711110800504684448e-02
4.180854186415672302e-02
-8.109539002180099487e-02
6.397612160071730614e-04
6.113659217953681946e-02
-1.178777441382408142e-01
8.259499818086624146e-02
2.537299990653991699e-01
-9.010800160467624664e-03
6.305978447198867798e-02
-7.353214174509048462e-02
-2.767111659049987793e-01
-1.539243012666702271e-01
-2.295795828104019165e-02
4.312102682888507843e-03
1.600497364997863770e-01
2.417936325073242188e-01
-4.656464233994483948e-02
5.150431301444768906e-03
1.780712604522705078e-02
-2.623133547604084015e-02
-1.139537841081619263e-01
-2.035340219736099243e-01
-1.714016348123550415e-01
-1.361336112022399902e-01
-1.392078399658203125e-01
2.538855075836181641e-01
-1.930406689643859863e-01
-2.228092998266220093e-01
3.096024692058563232e-01
-2.005606889724731445e-02
3.118289709091186523e-01
1.123180165886878967e-01
1.976702958345413208e-01
-4.922123998403549194e-02
-1.575673520565032959e-01
6.813532114028930664e-02
-1.654711067676544189e-01
-8.611392229795455933e-02
9.074760973453521729e-02
1.605698913335800171e-01
4.185031354427337646e-01
-1.090158596634864807e-01
-3.034731931984424591e-02
-6.099562742747366428e-04
7.304175943136215210e-02
2.477264255285263062e-01
-2.047791182994842529e-01
8.382546156644821167e-02
8.715016394853591919e-02
-6.638326495885848999e-02
-1.758673042058944702e-01
3.251776397228240967e-01
1.114889234304428101e-01
-6.575492769479751587e-02
1.427501738071441650e-01
-1.250842064619064331e-01
-2.122509926557540894e-01
6.074212864041328430e-02
9.861066937446594238e-02
-9.902004897594451904e-02
-7.338332384824752808e-02
2.989311143755912781e-02
5.320082977414131165e-02
1.321800649166107178e-01
1.156429201364517212e-01
-2.878415286540985107e-01
1.591917276382446289e-01
2.145176976919174194e-01
1.675621047616004944e-02
-2.867119014263153076e-01
8.497343212366104126e-02
2.269396632909774780e-01
-9.133455902338027954e-02
-1.404380947351455688e-01
-3.794410526752471924e-01
-7.423038035631179810e-02
-2.743113636970520020e-01
-3.664199411869049072e-01
-4.233446717262268066e-02
-8.197712898254394531e-02
-3.751932978630065918e-01
1.517272293567657471e-01
-9.137853980064392090e-02
2.483364641666412354e-01
3.565076366066932678e-02
1.325391978025436401e-01
-1.217623054981231689e-01
-3.720573782920837402e-01
-1.651787757873535156e-02
-1.532250195741653442e-01
-9.958514571189880371e-02
-1.800470948219299316e-01
-1.602219641208648682e-01
1.895508915185928345e-01
1.909352242946624756e-01
2.617770731449127197e-01
-6.945086270570755005e-02
-5.675171613693237305e-01
-1.035103797912597656e-01
2.479810863733291626e-01
2.432197928428649902e-01
3.978651762008666992e-01
-3.019413948059082031e-01
-1.514600962400436401e-01
1.265947967767715454e-01
-2.182931900024414062e-01
-4.075194597244262695e-01
-8.139427751302719116e-02
1.171660609543323517e-03
2.529812455177307129e-01
2.909473180770874023e-01
-1.262485235929489136e-01
3.845393657684326172e-02
-2.342215925455093384e-02
-2.088906317949295044e-01
4.255991056561470032e-02
-8.848635479807853699e-03
2.297681123018264771e-01
-1.803198158740997314e-01
-5.216352343559265137e-01
-5.774165317416191101e-02
-1.305128782987594604e-01
-2.892688512802124023e-01
-9.710314124822616577e-02
8.429700881242752075e-02
2.232254892587661743e-01
5.782359838485717773e-02
1.578307598829269409e-01
-1.836519092321395874e-01
8.781774342060089111e-02
1.304838359355926514e-01
-4.464301839470863342e-02
3.757417947053909302e-02
1.919167488813400269e-01
-2.690281160175800323e-02
1.086635142564773560e-01
-2.135817855596542358e-01
2.223904728889465332e-01
-2.295641899108886719e-01
-2.817966043949127197e-01
-1.349232196807861328e-01
-2.252569645643234253e-01
9.637376666069030762e-02
-8.234985172748565674e-02
-1.950632929801940918e-01
-4.722144305706024170e-01
8.508789353072643280e-03
-4.809217154979705811e-02
-6.452583521604537964e-02
-5.577846616506576538e-02
-3.859011828899383545e-01
-1.005967855453491211e-01
-5.222672969102859497e-02
6.896103918552398682e-02
2.874597534537315369e-02
3.863959014415740967e-02
1.809773445129394531e-01
-1.539371814578771591e-02
-1.665518246591091156e-02
1.096113920211791992e-01
3.350257575511932373e-01
-3.609271347522735596e-01
1.171791087836027145e-02
-3.679477274417877197e-01
-1.914237439632415771e-01
1.163636799901723862e-02
-3.526451289653778076e-01
1.768034249544143677e-01
8.269871026277542114e-02
1.463472098112106323e-01
-2.148511856794357300e-01
2.544323801994323730e-01
5.942658185958862305e-01
-9.186638891696929932e-02
-4.229358136653900146e-01
1.493750512599945068e-01
4.796316847205162048e-02
3.711027503013610840e-01
-7.037336379289627075e-02
2.649484276771545410e-01
-2.563009560108184814e-01
1.418005824089050293e-01
1.865268498659133911e-01
-1.066263616085052490e-01
1.769440472126007080e-01
-9.295218437910079956e-02
-4.581556096673011780e-02
-2.069873549044132233e-02
1.526328176259994507e-02
1.418996453285217285e-01
-2.890758216381072998e-01
-1.253321617841720581e-01
1.467016041278839111e-01
-1.175884753465652466e-01
2.617801353335380554e-02
-7.858866453170776367e-02
-1.809236705303192139e-01
-2.237038463354110718e-01
3.154914975166320801e-01
-1.628585457801818848e-01
-2.770705521106719971e-01
2.052880227565765381e-01
1.379312276840209961e-01
2.059102952480316162e-01
1.550424546003341675e-01
-3.094888031482696533e-01
2.443631440401077271e-01
2.115226536989212036e-01
3.279124200344085693e-02
-2.484890818595886230e-01
-9.672545827925205231e-03
3.018409311771392822e-01
6.550321727991104126e-02
2.620013356208801270e-01
-3.778555616736412048e-02
2.877850271761417389e-02
-1.043056771159172058e-01
4.812156036496162415e-02
3.651105985045433044e-02
-1.631581187248229980e-01
7.512006163597106934e-02
3.484047949314117432e-01
1.792883276939392090e-01
-2.385041862726211548e-02
1.074328273534774780e-01
6.048963963985443115e-02
3.847391158342361450e-02
-9.475554525852203369e-02
-1.953911185264587402e-01
3.462464362382888794e-02
4.659536182880401611e-01
-1.249230280518531799e-02
4.742076992988586426e-01
-1.397386044263839722e-01
1.119022369384765625e-01
-2.502608597278594971e-01
3.205405175685882568e-02
-4.666900038719177246e-01
2.824606746435165405e-02
9.142012149095535278e-02
-1.465590000152587891e-01
-1.927571594715118408e-01
2.721060514450073242e-01
-2.370061278343200684e-01
-5.034752935171127319e-02
2.703128159046173096e-01
5.485501140356063843e-02
-1.399323493242263794e-01
2.370420694351196289e-01
7.217276841402053833e-02
4.467831924557685852e-02
4.292644560337066650e-01
-1.896986505016684532e-04
2.258294075727462769e-01
2.052672766149044037e-02
6.028235703706741333e-02
-1.278308629989624023e-01
3.265390992164611816e-01
-5.498529598116874695e-02
-5.202993750572204590e-02
-1.427519768476486206e-01
2.061569690704345703e-01
4.382577165961265564e-02
-4.484099447727203369e-01
-1.056691259145736694e-01
-7.834821939468383789e-02
-1.983223259449005127e-01
3.589325547218322754e-01
1.076273918151855469e-01
9.983522444963455200e-02
-3.383731245994567871e-01
-1.335093975067138672e-01
6.179859116673469543e-02
1.594326049089431763e-01
-1.009963378310203552e-01
1.643916070461273193e-01
-1.045842990279197693e-01
-3.838283717632293701e-01
-3.801487684249877930e-01
-3.585477769374847412e-01
-1.102287918329238892e-01
-1.379622220993041992e-01
1.155519261956214905e-01
-1.138573288917541504e-01
1.116640493273735046e-01
2.936507016420364380e-02
5.661062002182006836e-01
-1.344065070152282715e-01
1.935253590345382690e-01
4.655303433537483215e-02
-2.134241759777069092e-01
2.529690861701965332e-01
-2.274951934814453125e-01
1.138547882437705994e-01
2.910707704722881317e-02
1.625202596187591553e-02
-1.502032577991485596e-01
-8.935794234275817871e-02
-3.361299335956573486e-01
-1.758481413125991821e-01
-2.055577700957655907e-03
2.865882813930511475e-01
-8.340848237276077271e-02
-8.063414692878723145e-02
-4.212644994258880615e-01
1.722281724214553833e-01
4.402350261807441711e-02
7.367686927318572998e-02
-6.619061529636383057e-02
-4.694466292858123779e-02
-2.462273985147476196e-01
-1.397127062082290649e-01
3.584835678339004517e-02
2.197647690773010254e-01
1.590692400932312012e-01
-3.005117177963256836e-02
-9.461271017789840698e-02
1.112214252352714539e-01
-4.101533889770507812e-01
-8.559465408325195312e-02
9.006326645612716675e-02
2.557735145092010498e-01
2.950299680233001709e-01
-6.298451125621795654e-02
1.817925721406936646e-01
1.833054274320602417e-01
-1.946535259485244751e-01
-2.987558543682098389e-01
-5.922717228531837463e-02
1.654987782239913940e-01
-3.413113951683044434e-02
-1.546251177787780762e-01
3.352961838245391846e-01
-2.868275940418243408e-01
-6.693531572818756104e-02
-2.203273326158523560e-01
1.349961310625076294e-01
1.736045777797698975e-01
-1.751528084278106689e-01
-2.457481622695922852e-01
-2.719231843948364258e-01
1.204914003610610962e-01
1.184903755784034729e-01
-5.817944929003715515e-02
4.028495848178863525e-01
2.416278421878814697e-01
-2.783203497529029846e-02
-2.748795747756958008e-01
1.215505599975585938e-01
2.612132430076599121e-01
6.805674731731414795e-02
-1.846060529351234436e-02
2.709383368492126465e-01
2.777484655380249023e-01
5.226157233119010925e-02
-2.207879163324832916e-02
1.313708536326885223e-02
-3.180651366710662842e-01
-8.036155253648757935e-02
1.912352591753005981e-01
-2.372862584888935089e-02
1.136185228824615479e-01
-6.019169092178344727e-02
-2.162299305200576782e-01
-2.639631330966949463e-01
-4.448548704385757446e-02
1.087210923433303833e-01
-2.870733141899108887e-01
1.899687573313713074e-03
-2.301927208900451660e-01
2.356194704771041870e-02
-1.013735532760620117e-01
9.062875062227249146e-02
-1.536964178085327148e-01
-2.352968156337738037e-01
-2.254136651754379272e-01
-3.323150277137756348e-01
6.892895698547363281e-02
-6.305871903896331787e-02
2.298055291175842285e-01
-2.858154475688934326e-01
-2.959240078926086426e-01
-2.165540605783462524e-01
9.341033548116683960e-02
2.826987206935882568e-01
1.859989315271377563e-01
-1.902614682912826538e-01
3.220937773585319519e-02
1.008457615971565247e-01
-9.784378111362457275e-02
-3.699167370796203613e-01
1.280112564563751221e-01
-4.125209897756576538e-02
-5.146837793290615082e-03
4.089653119444847107e-02
-5.298643112182617188e-01
-3.776060938835144043e-01
-1.304831355810165405e-01
1.122896745800971985e-01
-1.907144933938980103e-01
-2.910990454256534576e-02
8.780579268932342529e-02
5.755012854933738708e-02
1.093682274222373962e-01
-4.317125976085662842e-01
-4.516258090734481812e-02
-2.990863919258117676e-01
-3.100596368312835693e-01
2.666877955198287964e-02
8.176375180482864380e-03
1.811275072395801544e-02
-2.589115202426910400e-01
6.222630664706230164e-02
3.595807552337646484e-01
1.314171105623245239e-01
-1.041581928730010986e-01
2.249437570571899414e-01
-5.179616212844848633e-01
1.831438764929771423e-02
2.631693147122859955e-02
-5.530627071857452393e-02
-2.610726058483123779e-01
-2.605771422386169434e-01
1.792467571794986725e-02
1.397491544485092163e-01
-8.892063982784748077e-03
-8.053728938102722168e-02
-3.171953931450843811e-02
2.078856378793716431e-01
4.014980494976043701e-01
9.637460112571716309e-02
3.523088097572326660e-01
3.768143653869628906e-01
1.867351084947586060e-01
-2.584621608257293701e-01
2.884931266307830811e-01
-4.053044319152832031e-02
2.092186808586120605e-01
-2.744277119636535645e-01
3.136828541755676270e-03
-2.223540097475051880e-01
1.314902305603027344e-01
3.186717033386230469e-01
-1.463401615619659424e-01
2.389146760106086731e-02
-1.267050355672836304e-01
4.643256217241287231e-02
-2.105119228363037109e-01
1.054040528833866119e-02
-1.759688556194305420e-01
-2.357835322618484497e-01
2.810589671134948730e-01
1.493573486804962158e-01
-2.696999609470367432e-01
1.380037963390350342e-01
-1.760144978761672974e-01
1.691621840000152588e-01
-4.040684178471565247e-02
4.215981438755989075e-02
-2.179908454418182373e-01
-1.368450969457626343e-01
-2.601551115512847900e-01
-2.933714091777801514e-01
7.131342887878417969e-01
-3.391634225845336914e-01
-1.290947198867797852e-01
-5.232091546058654785e-01
1.572876274585723877e-01
-2.909794449806213379e-01
1.062109321355819702e-01
-5.749184265732765198e-02
-3.354414999485015869e-01
3.106758557260036469e-02
2.643533647060394287e-01
-1.388574540615081787e-01
-8.055757731199264526e-02
-4.250675067305564880e-02
-2.742991596460342407e-02
-6.011379882693290710e-02
-5.962944403290748596e-02
9.133973717689514160e-02
-3.649932444095611572e-01
-1.311588436365127563e-01
7.867620140314102173e-02
1.196848377585411072e-01
-3.362673223018646240e-01
2.327983379364013672e-01
-4.622313007712364197e-02
7.890178263187408447e-02
-4.197987318038940430e-01
-1.523141115903854370e-01
7.536023110151290894e-02
-1.963961869478225708e-01
-1.077935546636581421e-01
