1.775814443826675415e-01
2.384282499551773071e-01
1.994865089654922485e-01
2.789531052112579346e-01
2.717987000942230225e-01
2.106506228446960449e-01
1.872511655092239380e-01
2.208812236785888672e-01
1.886437088251113892e-01
1.310197263956069946e-01
2.356173098087310791e-01
2.291150838136672974e-01
3.326917290687561035e-01
2.723096907138824463e-01
1.492139548063278198e-01
1.750859469175338745e-01
1.754088550806045532e-01
1.966060698032379150e-01
2.195713520050048828e-01
2.174020260572433472e-01
1.874551475048065186e-01
3.009975254535675049e-01
1.369551271200180054e-01
3.148790597915649414e-01
2.241586595773696899e-01
1.506673395633697510e-01
2.252207547426223755e-01
2.802903354167938232e-01
1.689186394214630127e-01
1.144928336143493652e-01
2.391581833362579346e-01
1.256835013628005981e-01
2.742038369178771973e-01
2.260773181915283203e-01
2.696668803691864014e-01
2.724731862545013428e-01
9.388167411088943481e-02
2.390823066234588623e-01
2.354454547166824341e-01
1.980316787958145142e-01
1.606941372156143188e-01
1.772904396057128906e-01
1.444451808929443359e-01
2.277555167675018311e-01
2.645831406116485596e-01
1.399649232625961304e-01
2.598457932472229004e-01
1.507260501384735107e-01
2.427223473787307739e-01
2.056162208318710327e-01
2.065287828445434570e-01
2.438641786575317383e-01
1.276267170906066895e-01
1.330670416355133057e-01
2.728245556354522705e-01
1.256109327077865601e-01
3.669763803482055664e-01
2.256153821945190430e-01
1.561245173215866089e-01
2.042393088340759277e-01
1.248971000313758850e-01
2.310899645090103149e-01
1.436365693807601929e-01
1.933899223804473877e-01
1.631580442190170288e-01
2.453257143497467041e-01
2.470640391111373901e-01
3.831420838832855225e-01
1.902590394020080566e-01
1.778924614191055298e-01
1.672443896532058716e-01
2.118236124515533447e-01
2.509213387966156006e-01
2.267194390296936035e-01
2.559482157230377197e-01
1.426263004541397095e-01
2.363771349191665649e-01
1.770066320896148682e-01
2.337493598461151123e-01
2.403643578290939331e-01
1.542627513408660889e-01
2.656141817569732666e-01
1.644144803285598755e-01
3.098751306533813477e-01
2.275613099336624146e-01
1.251663267612457275e-01
1.135180667042732239e-01
1.287499070167541504e-01
2.414525151252746582e-01
1.379408836364746094e-01
1.082547828555107117e-01
2.049705833196640015e-01
2.007643431425094604e-01
3.329819440841674805e-01
2.186368554830551147e-01
2.856207489967346191e-01
2.887947559356689453e-01
4.118545949459075928e-01
1.733643561601638794e-01
1.798753738403320312e-01
1.362670511007308960e-01
2.090316116809844971e-01
1.878520995378494263e-01
1.528573036193847656e-01
4.078226983547210693e-01
2.423320114612579346e-01
1.654029488563537598e-01
1.974951028823852539e-01
1.953247040510177612e-01
2.287641465663909912e-01
2.716088891029357910e-01
1.301264017820358276e-01
1.490522027015686035e-01
1.357697695493698120e-01
1.361561864614486694e-01
3.525949120521545410e-01
1.842002868652343750e-01
2.466088533401489258e-01
2.081278115510940552e-01
2.441861778497695923e-01
2.119129598140716553e-01
3.159887492656707764e-01
3.023918569087982178e-01
2.524042129516601562e-01
1.810429394245147705e-01
2.105981260538101196e-01
2.499228715896606445e-01
1.814703196287155151e-01
