5.546741485595703125e-01
2.510337233543395996e-01
3.027902245521545410e-01
4.705945253372192383e-01
3.110493421554565430e-01
4.324618279933929443e-01
4.854274392127990723e-01
4.198023974895477295e-01
2.011024355888366699e-01
2.576591074466705322e-01
2.394306063652038574e-01
3.252976536750793457e-01
3.376034796237945557e-01
2.757402956485748291e-01
3.718780279159545898e-01
4.304004907608032227e-01
6.322616338729858398e-01
3.027119338512420654e-01
2.288268357515335083e-01
2.484754621982574463e-01
3.343302607536315918e-01
3.517306149005889893e-01
3.373193144798278809e-01
3.493023514747619629e-01
3.861998915672302246e-01
3.616775572299957275e-01
2.836008667945861816e-01
2.957884371280670166e-01
4.812857806682586670e-01
5.896527767181396484e-01
2.612892389297485352e-01
4.064081907272338867e-01
2.385958433151245117e-01
3.417035937309265137e-01
4.774844050407409668e-01
4.051669538021087646e-01
3.325489759445190430e-01
3.296371996402740479e-01
2.736662030220031738e-01
4.930748343467712402e-01
4.171154797077178955e-01
2.647888362407684326e-01
2.212725579738616943e-01
2.453378140926361084e-01
4.918510317802429199e-01
4.968132674694061279e-01
5.409092903137207031e-01
4.208365082740783691e-01
2.627736926078796387e-01
5.017425417900085449e-01
4.279534220695495605e-01
2.527239024639129639e-01
2.467273920774459839e-01
3.791728317737579346e-01
2.671133577823638916e-01
3.157913386821746826e-01
2.038645148277282715e-01
3.063092827796936035e-01
2.185406088829040527e-01
3.617334365844726562e-01
2.447895109653472900e-01
3.756717443466186523e-01
5.994372963905334473e-01
3.424654006958007812e-01
