2.199088931083679199e-01
1.152613982558250427e-01
1.083362549543380737e-01
1.017150208353996277e-01
1.405239999294281006e-01
1.144482567906379700e-01
2.049046754837036133e-01
2.742600142955780029e-01
1.796664446592330933e-01
8.831325918436050415e-02
1.817438304424285889e-01
9.979710727930068970e-02
1.303406655788421631e-01
1.203654482960700989e-01
1.934838443994522095e-01
1.733869016170501709e-01
1.528532654047012329e-01
1.693936586380004883e-01
2.693924903869628906e-01
1.032376214861869812e-01
1.478362977504730225e-01
1.114750578999519348e-01
1.113488748669624329e-01
1.254593133926391602e-01
1.104691848158836365e-01
1.982497870922088623e-01
1.306452155113220215e-01
1.703120470046997070e-01
3.078591525554656982e-01
1.955012977123260498e-01
1.356567591428756714e-01
9.863504767417907715e-02
1.524990797042846680e-01
1.764571219682693481e-01
1.739309132099151611e-01
1.221995800733566284e-01
2.473631948232650757e-01
1.491039991378784180e-01
1.478537619113922119e-01
1.956959813833236694e-01
1.885786950588226318e-01
1.973964720964431763e-01
8.699717372655868530e-02
1.757754683494567871e-01
1.712282299995422363e-01
1.928482651710510254e-01
2.248371839523315430e-01
1.586541086435317993e-01
2.218662947416305542e-01
1.978075206279754639e-01
2.379188388586044312e-01
1.092369854450225830e-01
1.083812192082405090e-01
1.318879574537277222e-01
3.108415603637695312e-01
9.579222649335861206e-02
2.371379733085632324e-01
2.441207170486450195e-01
2.507373988628387451e-01
1.474453806877136230e-01
1.637057363986968994e-01
1.380742639303207397e-01
1.207459494471549988e-01
2.146563977003097534e-01
