1.257220953702926636e-01
1.645974963903427124e-01
1.761834919452667236e-01
9.477222710847854614e-02
1.171355396509170532e-01
1.468888074159622192e-01
1.548057794570922852e-01
1.500769257545471191e-01
1.639282703399658203e-01
1.664432585239410400e-01
2.024583220481872559e-01
1.442031860351562500e-01
1.599695682525634766e-01
1.495330929756164551e-01
1.483803242444992065e-01
1.755315065383911133e-01
1.369850337505340576e-01
1.243324577808380127e-01
1.939265131950378418e-01
1.374105513095855713e-01
1.366730928421020508e-01
1.729681938886642456e-01
1.391273736953735352e-01
1.340055167675018311e-01
1.543435752391815186e-01
1.818160712718963623e-01
1.922203153371810913e-01
1.356154382228851318e-01
1.519615948200225830e-01
1.623180955648422241e-01
1.455737352371215820e-01
1.816052943468093872e-01
1.457110196352005005e-01
1.604371666908264160e-01
1.320918053388595581e-01
1.705007404088973999e-01
1.379033327102661133e-01
1.394921392202377319e-01
1.206128820776939392e-01
1.156542897224426270e-01
1.260845512151718140e-01
1.532775312662124634e-01
1.321133226156234741e-01
1.076819151639938354e-01
1.587231606245040894e-01
1.201669201254844666e-01
1.448589265346527100e-01
1.521277278661727905e-01
1.509063541889190674e-01
1.352406144142150879e-01
1.417427361011505127e-01
1.540279835462570190e-01
1.389671415090560913e-01
1.261254847049713135e-01
1.414327323436737061e-01
1.327133029699325562e-01
1.394176036119461060e-01
1.393732279539108276e-01
1.615142673254013062e-01
1.464290618896484375e-01
1.698822975158691406e-01
1.703380048274993896e-01
1.281105726957321167e-01
1.605090647935867310e-01
1.442567557096481323e-01
1.483070403337478638e-01
1.399037241935729980e-01
1.614617705345153809e-01
1.529051065444946289e-01
1.643221229314804077e-01
1.098722144961357117e-01
1.254920214414596558e-01
1.713002622127532959e-01
1.636340767145156860e-01
1.186444386839866638e-01
1.450623571872711182e-01
1.492225527763366699e-01
1.851705759763717651e-01
1.694932281970977783e-01
1.469095647335052490e-01
1.386940926313400269e-01
1.378159821033477783e-01
1.375889331102371216e-01
1.611704826354980469e-01
1.338770687580108643e-01
1.456753313541412354e-01
1.324850767850875854e-01
1.440608203411102295e-01
1.128871440887451172e-01
1.491031944751739502e-01
1.623957306146621704e-01
1.256632953882217407e-01
1.403833031654357910e-01
1.801472008228302002e-01
1.331917345523834229e-01
1.516557484865188599e-01
9.534937888383865356e-02
1.885849386453628540e-01
1.342941224575042725e-01
1.524191796779632568e-01
1.491001993417739868e-01
2.010981291532516479e-01
1.169757768511772156e-01
1.494575887918472290e-01
1.480091065168380737e-01
1.331906467676162720e-01
1.384327113628387451e-01
1.664138734340667725e-01
1.458254307508468628e-01
1.948138624429702759e-01
1.319242268800735474e-01
1.573654264211654663e-01
1.394230723381042480e-01
1.230835616588592529e-01
1.332878768444061279e-01
1.386126428842544556e-01
1.782372444868087769e-01
1.738334596157073975e-01
1.647126674652099609e-01
1.377027183771133423e-01
1.071750819683074951e-01
1.451795399188995361e-01
1.340795457363128662e-01
1.392794102430343628e-01
1.344282031059265137e-01
1.398113667964935303e-01
1.608134657144546509e-01
1.281070709228515625e-01
1.263021975755691528e-01
1.831759810447692871e-01
1.608811318874359131e-01
1.596957147121429443e-01
1.587877273559570312e-01
1.915014237165451050e-01
1.981708854436874390e-01
1.386732310056686401e-01
1.468802541494369507e-01
1.878339052200317383e-01
1.427968293428421021e-01
1.709048599004745483e-01
1.260401457548141479e-01
1.355940103530883789e-01
1.071757897734642029e-01
1.233235076069831848e-01
1.483537852764129639e-01
1.715792715549468994e-01
1.464778035879135132e-01
1.413328498601913452e-01
1.497672349214553833e-01
1.562684178352355957e-01
1.716471016407012939e-01
1.396517753601074219e-01
1.390828937292098999e-01
1.679542958736419678e-01
1.489486843347549438e-01
1.322952955961227417e-01
1.388643831014633179e-01
1.757677197456359863e-01
1.711040884256362915e-01
1.557046771049499512e-01
1.736487597227096558e-01
1.446186155080795288e-01
1.335736066102981567e-01
1.118608191609382629e-01
1.337596178054809570e-01
1.912197023630142212e-01
1.078919395804405212e-01
1.544749140739440918e-01
1.445772498846054077e-01
1.696251630783081055e-01
1.140993013978004456e-01
1.678945720195770264e-01
1.779808104038238525e-01
1.380400210618972778e-01
1.567802280187606812e-01
1.858261376619338989e-01
1.218353435397148132e-01
1.838172823190689087e-01
1.797780990600585938e-01
1.244830712676048279e-01
1.541897356510162354e-01
1.522571593523025513e-01
1.122433096170425415e-01
1.554964333772659302e-01
1.507873386144638062e-01
1.372056305408477783e-01
1.250558495521545410e-01
1.335749775171279907e-01
1.382588446140289307e-01
1.286111176013946533e-01
1.466127485036849976e-01
1.358211487531661987e-01
1.487536579370498657e-01
1.651786565780639648e-01
1.464035063982009888e-01
1.616697460412979126e-01
1.870803385972976685e-01
1.135620623826980591e-01
1.323447823524475098e-01
1.789822429418563843e-01
1.164192557334899902e-01
1.775336712598800659e-01
1.822328865528106689e-01
1.614257693290710449e-01
1.173787117004394531e-01
1.149027720093727112e-01
1.316977590322494507e-01
1.707361489534378052e-01
1.216143444180488586e-01
1.489756852388381958e-01
1.482147872447967529e-01
1.388723999261856079e-01
1.905432045459747314e-01
1.407442986965179443e-01
1.251671165227890015e-01
1.530638188123703003e-01
1.525802165269851685e-01
1.316454410552978516e-01
1.368498802185058594e-01
1.544079482555389404e-01
1.286182701587677002e-01
1.197142302989959717e-01
1.522175818681716919e-01
1.543630659580230713e-01
1.507512032985687256e-01
1.439179480075836182e-01
1.395762413740158081e-01
1.612472832202911377e-01
1.375391036272048950e-01
1.274547129869461060e-01
1.338543295860290527e-01
1.352658718824386597e-01
1.369713097810745239e-01
1.430693268775939941e-01
1.737492680549621582e-01
1.593635231256484985e-01
1.418911814689636230e-01
1.297296434640884399e-01
1.360543519258499146e-01
1.399244517087936401e-01
1.358926743268966675e-01
1.239178627729415894e-01
1.677469015121459961e-01
1.910631656646728516e-01
1.671306341886520386e-01
1.396899521350860596e-01
1.328909695148468018e-01
1.666920781135559082e-01
1.356067359447479248e-01
1.439023613929748535e-01
1.403177976608276367e-01
1.740666329860687256e-01
1.585310995578765869e-01
1.739836782217025757e-01
1.377368569374084473e-01
1.673583388328552246e-01
