1.524878442287445068e-01
1.591679006814956665e-01
2.154202908277511597e-01
1.604329347610473633e-01
3.396253883838653564e-01
1.700109541416168213e-01
1.511570066213607788e-01
2.077390402555465698e-01
2.117829173803329468e-01
1.537313908338546753e-01
2.168751060962677002e-01
1.680351048707962036e-01
1.590790003538131714e-01
2.329817265272140503e-01
2.616665065288543701e-01
1.671219468116760254e-01
2.504978477954864502e-01
2.032119035720825195e-01
2.059581726789474487e-01
1.751164048910140991e-01
2.266312092542648315e-01
2.247517555952072144e-01
1.985273510217666626e-01
2.700045108795166016e-01
1.871315538883209229e-01
1.927056610584259033e-01
1.641590893268585205e-01
2.411485314369201660e-01
2.218303233385086060e-01
1.937121301889419556e-01
2.832831740379333496e-01
1.937795728445053101e-01
1.770324856042861938e-01
2.263410538434982300e-01
2.568535208702087402e-01
2.391890585422515869e-01
3.411093950271606445e-01
1.739571094512939453e-01
2.057317048311233521e-01
2.604816257953643799e-01
1.723613142967224121e-01
1.752112656831741333e-01
3.194280266761779785e-01
3.382755815982818604e-01
2.160102427005767822e-01
1.795972287654876709e-01
2.186530977487564087e-01
2.252486050128936768e-01
2.286474853754043579e-01
1.819330304861068726e-01
1.415011733770370483e-01
2.079907059669494629e-01
2.878964543342590332e-01
1.509213596582412720e-01
2.492979019880294800e-01
1.743872165679931641e-01
1.525641977787017822e-01
2.321244925260543823e-01
1.964608877897262573e-01
2.740271389484405518e-01
2.062142938375473022e-01
3.003413379192352295e-01
1.904036700725555420e-01
1.284677982330322266e-01
2.422562092542648315e-01
2.475649416446685791e-01
4.155874848365783691e-01
3.065976798534393311e-01
1.795765310525894165e-01
1.745195686817169189e-01
2.218636721372604370e-01
2.566843032836914062e-01
2.003386169672012329e-01
2.204061746597290039e-01
2.426600307226181030e-01
2.427465468645095825e-01
2.495201975107192993e-01
2.539291083812713623e-01
2.372879832983016968e-01
2.583293616771697998e-01
2.398564666509628296e-01
2.054846882820129395e-01
2.256451994180679321e-01
1.820456683635711670e-01
2.008264958858489990e-01
1.421892195940017700e-01
2.406409233808517456e-01
2.416538149118423462e-01
1.826997697353363037e-01
2.698659598827362061e-01
3.417240977287292480e-01
2.359229922294616699e-01
2.613930106163024902e-01
2.145566195249557495e-01
2.323436588048934937e-01
5.018389225006103516e-01
1.616953909397125244e-01
2.841878235340118408e-01
2.083503752946853638e-01
1.796857863664627075e-01
2.947743237018585205e-01
2.258279174566268921e-01
1.393558084964752197e-01
1.893323957920074463e-01
3.447587490081787109e-01
1.690177619457244873e-01
1.736280620098114014e-01
2.103767991065979004e-01
3.232955336570739746e-01
2.589510381221771240e-01
1.984538137912750244e-01
2.105551809072494507e-01
2.189805060625076294e-01
1.958986222743988037e-01
3.451895117759704590e-01
1.977594792842864990e-01
2.722235620021820068e-01
3.628037273883819580e-01
1.890942156314849854e-01
2.553364634513854980e-01
1.776257306337356567e-01
2.592835724353790283e-01
2.176065593957901001e-01
1.708499938249588013e-01
2.740615010261535645e-01
2.647519409656524658e-01
2.042977213859558105e-01
2.795285880565643311e-01
