-1.204223744571208954e-02
-1.332021951675415039e-01
-3.087573349475860596e-01
7.452838122844696045e-02
-2.560243941843509674e-02
-2.107096463441848755e-01
5.757496133446693420e-02
-3.787730336189270020e-01
-5.647078752517700195e-01
-2.632431387901306152e-01
-4.655840992927551270e-02
7.171695586293935776e-03
3.994970917701721191e-01
-1.573106050491333008e-01
1.784063726663589478e-01
2.575448453426361084e-01
1.488551944494247437e-01
1.430938094854354858e-01
-1.661312580108642578e-01
-7.415667921304702759e-02
-3.479893878102302551e-02
-5.315809249877929688e-01
-1.939262300729751587e-01
-4.058000743389129639e-01
-4.421361386775970459e-01
1.154171675443649292e-01
-2.031962126493453979e-01
-2.020708620548248291e-01
-7.454079389572143555e-02
1.291975229978561401e-01
-3.162294924259185791e-01
1.764207631349563599e-01
-3.154730498790740967e-01
-5.162628889083862305e-01
-2.137224376201629639e-01
-3.821785449981689453e-01
2.970902919769287109e-01
8.632081747055053711e-02
2.583282627165317535e-02
-2.946486175060272217e-01
5.222905427217483521e-02
-8.779877796769142151e-03
5.729071795940399170e-02
-8.929064497351646423e-03
-1.007950827479362488e-01
-4.073332846164703369e-01
-3.357364237308502197e-01
-3.064589798450469971e-01
-3.904996514320373535e-01
1.624919921159744263e-01
8.961123228073120117e-02
-1.659568697214126587e-01
-6.849656105041503906e-01
-3.080550134181976318e-01
-1.973727196455001831e-01
5.340640246868133545e-02
-3.074503242969512939e-01
-1.130270883440971375e-01
-5.098525285720825195e-01
-1.450006365776062012e-01
8.558941632509231567e-02
-3.348753452301025391e-01
-1.301517188549041748e-01
-1.795846372842788696e-01
-2.931995391845703125e-01
-2.320439219474792480e-01
-3.021509945392608643e-01
-2.543137669563293457e-01
8.386267721652984619e-02
-1.035710722208023071e-01
-4.194871187210083008e-01
1.535256206989288330e-02
-3.820793628692626953e-01
-7.495650053024291992e-01
6.666796654462814331e-02
-1.109576411545276642e-02
-5.041811466217041016e-01
6.689212471246719360e-02
-7.762386798858642578e-01
-3.307770490646362305e-01
4.975503310561180115e-02
-4.834870994091033936e-01
1.619388163089752197e-01
-5.696905851364135742e-01
-2.363274991512298584e-01
1.146673262119293213e-01
-1.482684761285781860e-01
-3.593441843986511230e-01
-4.921045005321502686e-01
-2.653795182704925537e-01
-1.197476461529731750e-01
6.191778462380170822e-03
-4.901178181171417236e-01
-1.485852301120758057e-01
3.251437246799468994e-01
-4.980112612247467041e-01
-1.860427558422088623e-01
4.680112376809120178e-02
-1.322209089994430542e-01
-3.241635262966156006e-01
-2.504908740520477295e-01
-5.027176737785339355e-01
-3.462174236774444580e-01
3.179720342159271240e-01
2.070318460464477539e-01
-2.433682419359683990e-02
-2.010961621999740601e-02
-7.715447992086410522e-02
-1.484049949795007706e-02
-1.752801686525344849e-01
-2.435331940650939941e-01
-3.159578442573547363e-01
-3.641300201416015625e-01
-1.510630920529365540e-02
-4.392298758029937744e-01
6.211433187127113342e-02
-7.502217590808868408e-02
7.986839115619659424e-02
2.093278467655181885e-01
-2.672061920166015625e-01
1.745175123214721680e-01
1.910694292746484280e-03
-3.301812112331390381e-01
-7.096194624900817871e-01
4.954604059457778931e-02
-3.741934895515441895e-01
-1.252845376729965210e-01
-6.133516430854797363e-01
-1.341494470834732056e-01
2.015572488307952881e-01
1.828175596892833710e-02
1.424721777439117432e-01
-1.106518805027008057e-01
-2.487120218575000763e-02
-3.652110397815704346e-01
1.751068979501724243e-02
-2.621848285198211670e-01
-5.490354076027870178e-02
-5.162746906280517578e-01
3.248554840683937073e-02
-7.150844484567642212e-02
1.597293168306350708e-01
-5.210576057434082031e-01
-2.414790093898773193e-01
4.230515286326408386e-02
-5.351567864418029785e-01
-3.396908640861511230e-01
2.357486486434936523e-01
-2.710863947868347168e-01
-5.049749091267585754e-02
-4.473447203636169434e-01
-4.375312626361846924e-01
6.247067451477050781e-02
-3.603214025497436523e-01
1.825859099626541138e-01
-3.947019577026367188e-01
-1.024887710809707642e-01
-2.589572966098785400e-01
-5.275101661682128906e-01
-2.894378304481506348e-01
-2.581614851951599121e-01
-2.585682570934295654e-01
2.052206918597221375e-02
-1.257093101739883423e-01
-1.187693253159523010e-01
-1.189990267157554626e-01
-6.869222521781921387e-01
-5.684823989868164062e-01
8.307582885026931763e-02
1.783657670021057129e-01
-3.401204347610473633e-01
1.935428380966186523e-01
-5.674584954977035522e-02
-2.180166393518447876e-01
-7.125677168369293213e-02
2.144598960876464844e-01
-1.584255248308181763e-01
-1.567088663578033447e-01
-6.003508344292640686e-03
-6.853839755058288574e-02
-6.838781237602233887e-01
2.079699188470840454e-01
-1.493564248085021973e-01
-1.722899973392486572e-01
-7.942781597375869751e-02
-3.568464517593383789e-02
-2.831231057643890381e-01
-4.752950072288513184e-01
-4.770907461643218994e-01
1.981351524591445923e-01
7.041550427675247192e-02
3.004853725433349609e-01
9.308709204196929932e-02
-1.418537795543670654e-01
-3.661302626132965088e-01
1.327294856309890747e-01
2.324252873659133911e-01
-2.665366511791944504e-03
-3.636130392551422119e-01
7.010230422019958496e-02
-4.569276571273803711e-01
-3.171538561582565308e-02
-9.476996026933193207e-03
1.148855313658714294e-01
-2.433821707963943481e-01
-4.243003427982330322e-01
-1.052144914865493774e-01
-3.996249437332153320e-01
-1.660252064466476440e-01
-5.899033695459365845e-02
-2.014507055282592773e-01
-4.888316988945007324e-02
-2.178145349025726318e-01
-7.364075630903244019e-02
-2.521675825119018555e-01
-5.250517278909683228e-02
-2.165109813213348389e-01
-1.150783300399780273e-01
3.761707246303558350e-01
-2.576311528682708740e-01
2.118230760097503662e-01
-1.203971430659294128e-01
-8.275920152664184570e-02
1.469717323780059814e-01
1.175039559602737427e-01
-3.160127103328704834e-01
-4.281863272190093994e-01
-1.912152022123336792e-01
1.020778436213731766e-02
-5.212832689285278320e-01
2.076655179262161255e-01
-5.247147679328918457e-01
-3.331221938133239746e-01
-1.129030585289001465e-01
-1.667590737342834473e-01
6.367538869380950928e-02
-2.377792000770568848e-01
1.501174718141555786e-01
8.267341554164886475e-02
-2.654052376747131348e-01
2.617831900715827942e-02
-5.449622273445129395e-01
-3.506321310997009277e-01
4.502654448151588440e-02
-3.004448711872100830e-01
8.442923426628112793e-02
-8.163475990295410156e-02
-2.705363333225250244e-01
-1.472991704940795898e-01
-3.802917897701263428e-01
9.902627021074295044e-02
-8.402574062347412109e-02
1.272899657487869263e-02
-3.086536191403865814e-03
-9.947379678487777710e-02
-1.098763048648834229e-01
