1.089297607541084290e-01
1.014456003904342651e-01
1.108832508325576782e-01
1.030793935060501099e-01
9.684817492961883545e-02
1.090410649776458740e-01
8.807761222124099731e-02
1.328156143426895142e-01
1.011534556746482849e-01
9.366308897733688354e-02
9.101364761590957642e-02
8.047417551279067993e-02
1.140945628285408020e-01
1.371590644121170044e-01
1.005678400397300720e-01
1.215060055255889893e-01
1.083460003137588501e-01
9.717962145805358887e-02
1.139143034815788269e-01
8.623139560222625732e-02
9.875981509685516357e-02
9.968721866607666016e-02
9.804213792085647583e-02
1.171424463391304016e-01
7.512793689966201782e-02
1.033808216452598572e-01
9.146398305892944336e-02
1.006088331341743469e-01
1.113305836915969849e-01
1.206393465399742126e-01
1.261722743511199951e-01
8.556596934795379639e-02
1.206225603818893433e-01
1.341935098171234131e-01
1.096621975302696228e-01
1.056101024150848389e-01
9.878333657979965210e-02
1.116184443235397339e-01
9.066353738307952881e-02
9.446325898170471191e-02
8.614390343427658081e-02
9.106276184320449829e-02
1.048552840948104858e-01
1.220104247331619263e-01
9.601311385631561279e-02
1.166905537247657776e-01
1.097760722041130066e-01
1.189805418252944946e-01
1.035898029804229736e-01
1.075091809034347534e-01
1.027738377451896667e-01
8.691341429948806763e-02
1.033633202314376831e-01
9.811796993017196655e-02
1.132420748472213745e-01
9.884627908468246460e-02
1.002313271164894104e-01
7.927547395229339600e-02
1.222992911934852600e-01
9.655816853046417236e-02
1.005866006016731262e-01
8.783207088708877563e-02
8.888226002454757690e-02
8.743936568498611450e-02
9.230479598045349121e-02
9.519297629594802856e-02
8.876156806945800781e-02
1.038098707795143127e-01
8.875719457864761353e-02
1.335074752569198608e-01
9.286587685346603394e-02
9.566650539636611938e-02
1.091977357864379883e-01
9.727391600608825684e-02
7.685792446136474609e-02
1.248113214969635010e-01
1.179399043321609497e-01
9.300553053617477417e-02
8.645911514759063721e-02
8.682145923376083374e-02
9.622202813625335693e-02
1.061110869050025940e-01
9.670656919479370117e-02
9.527964890003204346e-02
9.685990214347839355e-02
1.240279749035835266e-01
1.130362004041671753e-01
8.577264845371246338e-02
8.137985318899154663e-02
9.514301270246505737e-02
1.105546578764915466e-01
7.702502608299255371e-02
1.158427000045776367e-01
9.768377244472503662e-02
1.064656302332878113e-01
1.061449497938156128e-01
9.542471915483474731e-02
9.347337484359741211e-02
1.345258057117462158e-01
1.041963249444961548e-01
1.127308011054992676e-01
1.163024157285690308e-01
9.182117134332656860e-02
1.110111176967620850e-01
9.508695453405380249e-02
1.040146648883819580e-01
8.797914534807205200e-02
8.624478429555892944e-02
1.008503213524818420e-01
9.844145923852920532e-02
1.216777637600898743e-01
9.481233358383178711e-02
1.049391850829124451e-01
1.057495623826980591e-01
9.635350108146667480e-02
1.371471881866455078e-01
8.187468349933624268e-02
1.069842278957366943e-01
1.281332969665527344e-01
1.172063276171684265e-01
8.597274124622344971e-02
1.296707838773727417e-01
9.848710894584655762e-02
1.164148449897766113e-01
1.033383831381797791e-01
8.947979658842086792e-02
7.728677242994308472e-02
8.922497183084487915e-02
1.029070541262626648e-01
1.080218628048896790e-01
1.087266281247138977e-01
1.213548928499221802e-01
9.200160950422286987e-02
9.029364585876464844e-02
9.054214507341384888e-02
1.106709167361259460e-01
9.550233930349349976e-02
1.087982133030891418e-01
1.226021721959114075e-01
1.182342320680618286e-01
8.223961293697357178e-02
1.168691068887710571e-01
9.341213852167129517e-02
1.103475689888000488e-01
9.821429848670959473e-02
9.588569402694702148e-02
1.202724501490592957e-01
9.576790034770965576e-02
1.031994074583053589e-01
8.989601582288742065e-02
8.932437747716903687e-02
8.567776530981063843e-02
1.070247739553451538e-01
1.071640625596046448e-01
7.294057309627532959e-02
1.123844757676124573e-01
1.297028809785842896e-01
8.965361863374710083e-02
8.392331749200820923e-02
1.037146821618080139e-01
9.524098038673400879e-02
1.017138212919235229e-01
9.696505963802337646e-02
7.170398533344268799e-02
1.089026853442192078e-01
9.548058360815048218e-02
9.114947170019149780e-02
1.049112603068351746e-01
1.430004239082336426e-01
9.697858989238739014e-02
9.406530112028121948e-02
1.123103797435760498e-01
1.173874884843826294e-01
1.224609911441802979e-01
8.176489919424057007e-02
1.074437052011489868e-01
1.040147989988327026e-01
1.039010211825370789e-01
1.277784556150436401e-01
1.051135510206222534e-01
9.352798759937286377e-02
8.266572654247283936e-02
1.129552349448204041e-01
8.573888242244720459e-02
1.190783455967903137e-01
1.288096308708190918e-01
1.233133673667907715e-01
9.356523305177688599e-02
8.433522284030914307e-02
1.077081188559532166e-01
1.224711909890174866e-01
1.020729094743728638e-01
9.029541909694671631e-02
1.177918240427970886e-01
1.036223247647285461e-01
1.111223623156547546e-01
8.231274038553237915e-02
1.132696792483329773e-01
1.312255263328552246e-01
1.320927441120147705e-01
1.025466695427894592e-01
1.498167961835861206e-01
1.004973277449607849e-01
9.417988359928131104e-02
8.876479417085647583e-02
9.797252714633941650e-02
1.031550988554954529e-01
1.088552698493003845e-01
1.046888530254364014e-01
7.772164791822433472e-02
9.701418131589889526e-02
8.525542914867401123e-02
1.067161932587623596e-01
8.393953740596771240e-02
8.854776620864868164e-02
1.206745505332946777e-01
1.147336736321449280e-01
1.006949767470359802e-01
8.321291953325271606e-02
1.157561168074607849e-01
1.156205385923385620e-01
9.176865220069885254e-02
8.967091888189315796e-02
1.090160310268402100e-01
1.228860467672348022e-01
1.137135252356529236e-01
1.034222319722175598e-01
1.182430684566497803e-01
8.214285224676132202e-02
1.212498545646667480e-01
8.797780424356460571e-02
9.694534540176391602e-02
1.215426400303840637e-01
9.125351905822753906e-02
9.697996079921722412e-02
1.213548481464385986e-01
8.572032302618026733e-02
7.827983796596527100e-02
9.908174723386764526e-02
1.219516769051551819e-01
9.045846760272979736e-02
1.047035381197929382e-01
1.253044158220291138e-01
1.285914778709411621e-01
8.722637593746185303e-02
1.154054924845695496e-01
9.632689505815505981e-02
9.949876368045806885e-02
1.288125365972518921e-01
9.583381563425064087e-02
1.324705034494400024e-01
1.083150207996368408e-01
1.020179539918899536e-01
1.173090934753417969e-01
1.161289587616920471e-01
9.423492848873138428e-02
9.792179614305496216e-02
9.231731295585632324e-02
9.970219433307647705e-02
1.028119921684265137e-01
1.090483590960502625e-01
1.068153977394104004e-01
8.308696746826171875e-02
8.931289613246917725e-02
1.168534755706787109e-01
8.513481914997100830e-02
1.478625684976577759e-01
9.981743246316909790e-02
1.017377749085426331e-01
1.387737691402435303e-01
8.713252097368240356e-02
1.006775274872779846e-01
1.196827143430709839e-01
8.516449481248855591e-02
9.035467356443405151e-02
1.239076033234596252e-01
1.043004915118217468e-01
1.144831255078315735e-01
1.325602084398269653e-01
1.034359112381935120e-01
1.469701975584030151e-01
1.230749785900115967e-01
1.067301332950592041e-01
8.951597660779953003e-02
9.054765105247497559e-02
9.607388079166412354e-02
1.140295118093490601e-01
1.191807016730308533e-01
1.161544397473335266e-01
9.396804869174957275e-02
9.387528151273727417e-02
8.682704716920852661e-02
8.447988331317901611e-02
9.340213239192962646e-02
9.346999973058700562e-02
1.085822731256484985e-01
1.203610822558403015e-01
9.648745507001876831e-02
9.597209095954895020e-02
9.823679924011230469e-02
8.673965930938720703e-02
1.080294102430343628e-01
1.034982874989509583e-01
1.004000753164291382e-01
1.067758947610855103e-01
9.749092906713485718e-02
9.890848398208618164e-02
1.047780737280845642e-01
9.275565296411514282e-02
1.071272045373916626e-01
9.284032136201858521e-02
7.856316119432449341e-02
1.062212437391281128e-01
1.226227805018424988e-01
9.447824954986572266e-02
9.250424057245254517e-02
9.927742183208465576e-02
1.349902451038360596e-01
1.005297303199768066e-01
9.797222912311553955e-02
1.152435615658760071e-01
1.222350820899009705e-01
1.086073294281959534e-01
9.824775159358978271e-02
9.638297557830810547e-02
8.769275248050689697e-02
1.232836022973060608e-01
9.780792146921157837e-02
1.081532984972000122e-01
1.097753196954727173e-01
7.978891581296920776e-02
9.793127328157424927e-02
1.000034660100936890e-01
1.139192208647727966e-01
7.525689154863357544e-02
9.079000353813171387e-02
1.404472291469573975e-01
1.024791523814201355e-01
8.243079483509063721e-02
1.210976988077163696e-01
8.413735777139663696e-02
1.092868149280548096e-01
1.043148264288902283e-01
1.066078543663024902e-01
1.107958406209945679e-01
9.491118043661117554e-02
1.291315108537673950e-01
1.070976257324218750e-01
1.112791225314140320e-01
8.933943510055541992e-02
1.106114909052848816e-01
9.879428893327713013e-02
8.810079097747802734e-02
1.166093125939369202e-01
9.265080839395523071e-02
1.032596081495285034e-01
8.118017762899398804e-02
1.191112101078033447e-01
1.013456434011459351e-01
9.982483834028244019e-02
9.047866612672805786e-02
1.059755608439445496e-01
9.951360523700714111e-02
1.032107695937156677e-01
8.410039544105529785e-02
1.034487485885620117e-01
9.717643260955810547e-02
1.126336082816123962e-01
8.811468631029129028e-02
1.004475504159927368e-01
1.252378225326538086e-01
8.369988948106765747e-02
1.061153933405876160e-01
1.240359321236610413e-01
1.260515153408050537e-01
9.755739569664001465e-02
9.137434512376785278e-02
1.005505323410034180e-01
1.114119142293930054e-01
1.310383826494216919e-01
1.030756980180740356e-01
1.051155179738998413e-01
1.150141581892967224e-01
9.912327677011489868e-02
1.296389102935791016e-01
9.388887882232666016e-02
1.171246469020843506e-01
8.763750642538070679e-02
1.009843647480010986e-01
1.450155824422836304e-01
1.057032123208045959e-01
1.016794219613075256e-01
7.985118776559829712e-02
9.444759786128997803e-02
1.258536577224731445e-01
8.743387460708618164e-02
9.661944210529327393e-02
1.230031400918960571e-01
9.087491035461425781e-02
1.123836040496826172e-01
8.666703104972839355e-02
9.492157399654388428e-02
8.081223815679550171e-02
9.623999893665313721e-02
9.749255329370498657e-02
1.140230745077133179e-01
9.736090898513793945e-02
1.051502004265785217e-01
8.144225180149078369e-02
9.730879217386245728e-02
9.222225844860076904e-02
9.017528593540191650e-02
9.798406809568405151e-02
9.127219021320343018e-02
9.900915622711181641e-02
1.042127609252929688e-01
9.993141144514083862e-02
1.185849234461784363e-01
9.271271526813507080e-02
1.279016733169555664e-01
7.917473465204238892e-02
1.091525629162788391e-01
9.932171553373336792e-02
1.092185899615287781e-01
1.003513783216476440e-01
9.553246200084686279e-02
9.155687689781188965e-02
1.031318902969360352e-01
9.234508126974105835e-02
1.366192400455474854e-01
1.010561287403106689e-01
9.869203716516494751e-02
9.308605641126632690e-02
9.578027576208114624e-02
1.194910556077957153e-01
1.287003755569458008e-01
1.074615642428398132e-01
1.059879511594772339e-01
1.123696565628051758e-01
1.111328676342964172e-01
1.092111542820930481e-01
9.309211373329162598e-02
1.130584552884101868e-01
1.189214289188385010e-01
1.064213141798973083e-01
1.050044447183609009e-01
1.077699437737464905e-01
1.176114305853843689e-01
1.006681546568870544e-01
9.617543965578079224e-02
1.446648687124252319e-01
1.198109313845634460e-01
1.125989705324172974e-01
1.039045974612236023e-01
1.114190295338630676e-01
1.092723757028579712e-01
9.570969641208648682e-02
9.993371367454528809e-02
1.059525460004806519e-01
1.041364595293998718e-01
9.361975640058517456e-02
8.652053773403167725e-02
9.898619353771209717e-02
9.417210519313812256e-02
1.000017449259757996e-01
1.081008017063140869e-01
1.137480437755584717e-01
1.111533939838409424e-01
1.160310953855514526e-01
1.167083084583282471e-01
1.013914868235588074e-01
1.026118248701095581e-01
1.154012829065322876e-01
9.408769011497497559e-02
1.068697124719619751e-01
1.172455400228500366e-01
9.538663178682327271e-02
8.955979347229003906e-02
1.109327897429466248e-01
9.722201526165008545e-02
9.284925460815429688e-02
1.118649989366531372e-01
1.248966157436370850e-01
9.413005411624908447e-02
1.341853290796279907e-01
1.275296211242675781e-01
9.125536680221557617e-02
1.150891706347465515e-01
1.147497594356536865e-01
9.412635117769241333e-02
1.027055829763412476e-01
9.029775112867355347e-02
1.228736340999603271e-01
9.588625282049179077e-02
1.024958863854408264e-01
7.506472617387771606e-02
9.024934470653533936e-02
1.067741736769676208e-01
9.148687869310379028e-02
1.262163072824478149e-01
1.159566491842269897e-01
7.797539234161376953e-02
1.026213020086288452e-01
1.058232635259628296e-01
9.910960495471954346e-02
8.495485037565231323e-02
8.986572176218032837e-02
9.829124063253402710e-02
1.014467105269432068e-01
1.032818332314491272e-01
1.223361641168594360e-01
8.082178235054016113e-02
