-1.964830607175827026e-01
-5.531638860702514648e-01
-3.392770290374755859e-01
-2.421834021806716919e-01
-3.551809191703796387e-01
2.518771290779113770e-01
2.559922635555267334e-01
2.282720059156417847e-01
3.090834617614746094e-01
-7.738505303859710693e-02
-2.831025719642639160e-01
-2.582595944404602051e-01
-4.900958538055419922e-01
-3.925173282623291016e-01
2.235044166445732117e-02
-1.011647749692201614e-02
-2.449710220098495483e-01
3.506047725677490234e-01
1.809639930725097656e-01
1.912050694227218628e-01
1.861342638731002808e-01
-8.225601166486740112e-02
-5.653178095817565918e-01
-1.595015265047550201e-02
-3.269952908158302307e-02
3.943951129913330078e-01
-3.170770108699798584e-01
-4.499354958534240723e-01
3.481317460536956787e-01
-3.987635076045989990e-01
-2.576885521411895752e-01
-3.973436355590820312e-01
-7.606559246778488159e-02
-3.928310796618461609e-02
-1.968651078641414642e-02
-1.117007285356521606e-01
-2.645139023661613464e-02
2.932058833539485931e-02
-7.013931870460510254e-01
-5.274240970611572266e-01
-2.845417261123657227e-01
4.118502140045166016e-02
-1.780316829681396484e-01
-3.187092840671539307e-01
-1.915978454053401947e-02
-8.356169611215591431e-02
-3.763105347752571106e-02
-8.991585671901702881e-02
1.133432537317276001e-01
-1.771673113107681274e-01
-4.255831837654113770e-01
6.351285427808761597e-02
-1.167450621724128723e-01
-2.172922194004058838e-01
-1.373144537210464478e-01
-9.419970214366912842e-02
7.919097319245338440e-03
9.216546267271041870e-02
-1.416324079036712646e-01
1.611123383045196533e-01
3.422628939151763916e-01
-4.022661969065666199e-02
-1.154667735099792480e-01
-7.488728314638137817e-02
-4.574764072895050049e-01
-1.663008034229278564e-01
-2.363156676292419434e-01
4.879891276359558105e-01
-1.742521673440933228e-01
6.120182573795318604e-02
-2.256047874689102173e-01
-1.085363253951072693e-01
-4.260168969631195068e-01
-5.288251638412475586e-01
-2.566682398319244385e-01
-1.733566075563430786e-01
-8.400493860244750977e-02
9.917756915092468262e-02
-5.000894889235496521e-02
-2.452820390462875366e-01
-3.428134918212890625e-01
-3.701806962490081787e-01
6.031752005219459534e-02
2.716416716575622559e-01
-2.158574163913726807e-01
1.160002080723643303e-03
6.284092366695404053e-02
1.883123368024826050e-01
-4.583375453948974609e-01
-1.919643580913543701e-01
-2.718269228935241699e-01
-1.315786242485046387e-01
2.182521820068359375e-01
-3.274811506271362305e-01
-1.031738445162773132e-01
-2.057765275239944458e-01
-1.812663227319717407e-01
3.565205931663513184e-01
-2.734595537185668945e-01
-1.174907907843589783e-01
1.745865195989608765e-01
2.060201950371265411e-02
1.816379427909851074e-01
-1.418431401252746582e-01
-5.822484567761421204e-02
-3.968302905559539795e-01
1.152436435222625732e-01
-2.966842353343963623e-01
6.170504093170166016e-01
-1.818158328533172607e-01
-4.746878743171691895e-01
-8.670120686292648315e-02
-2.356337755918502808e-01
-8.841755986213684082e-02
-2.552766799926757812e-01
-3.811329603195190430e-01
7.943150401115417480e-02
-3.289128839969635010e-02
-1.278513222932815552e-01
-4.288867861032485962e-02
-4.907045885920524597e-02
-6.037751436233520508e-01
-1.408909410238265991e-01
-1.674187779426574707e-01
3.904365003108978271e-01
2.724236249923706055e-01
4.395285248756408691e-01
1.355782616883516312e-02
