-9.379873871803283691e-01
-1.055711150169372559e+00
-5.931607633829116821e-02
-1.092783287167549133e-01
3.427764475345611572e-01
2.671088874340057373e-01
-1.091834187507629395e+00
-3.606921732425689697e-01
-5.853821635246276855e-01
-2.614781856536865234e-01
-1.519558876752853394e-01
-5.541813373565673828e-01
5.116753578186035156e-01
-5.054347515106201172e-01
2.921650651842355728e-03
-2.729358971118927002e-01
-3.453380763530731201e-01
4.585575461387634277e-01
4.721184074878692627e-02
4.682667553424835205e-01
-4.219313561916351318e-01
-9.999855756759643555e-01
-3.831411600112915039e-01
-8.126516342163085938e-01
8.632050156593322754e-01
-2.927291393280029297e-01
2.825439274311065674e-01
-2.629321217536926270e-01
-1.285080313682556152e-01
-1.034505605697631836e+00
-6.781924962997436523e-01
-5.198709368705749512e-01
7.647207379341125488e-01
-5.813863873481750488e-01
-7.954690456390380859e-01
-1.211251169443130493e-01
-1.070740342140197754e+00
2.383719682693481445e-01
7.016265988349914551e-01
1.574459671974182129e-01
-2.520832419395446777e-01
5.689619481563568115e-02
4.325510561466217041e-01
8.591032773256301880e-02
-8.921137452125549316e-01
1.200182586908340454e-01
-3.145866096019744873e-01
-4.004719555377960205e-01
-2.589080631732940674e-01
-9.271200299263000488e-01
-4.227267503738403320e-01
5.286836624145507812e-01
-8.367815613746643066e-02
-5.335308909416198730e-01
-5.369169116020202637e-01
-4.476723968982696533e-01
-6.843243241310119629e-01
1.262275129556655884e-01
1.043309688568115234e+00
3.198659420013427734e-01
2.935447543859481812e-02
-2.970826029777526855e-01
2.474854588508605957e-01
-2.738806009292602539e-01
-4.596923291683197021e-02
-2.515242099761962891e-01
1.915902495384216309e-01
-3.461503982543945312e-02
7.196912765502929688e-01
1.458532810211181641e-01
-5.308420658111572266e-01
-9.721553921699523926e-01
-3.919632732868194580e-01
4.177361130714416504e-01
-5.599377751350402832e-01
-4.444279074668884277e-01
-6.947887688875198364e-02
2.078388035297393799e-01
2.136524617671966553e-01
-5.466094240546226501e-02
-2.713432908058166504e-01
5.847270488739013672e-01
-9.430667757987976074e-02
3.165163472294807434e-02
-7.765359878540039062e-01
-2.923839688301086426e-01
-4.360432326793670654e-01
3.632179796695709229e-01
1.789296567440032959e-01
-1.939034163951873779e-01
6.683873534202575684e-01
2.818690836429595947e-01
3.359758555889129639e-01
-3.631995916366577148e-01
8.196625113487243652e-01
6.554903984069824219e-01
-3.448277413845062256e-01
3.947112262248992920e-01
-3.695890009403228760e-01
-5.160978436470031738e-01
-5.791920423507690430e-01
-3.171935379505157471e-01
-2.131096869707107544e-01
-1.353977471590042114e-01
2.750326097011566162e-01
3.720552101731300354e-02
5.048827528953552246e-01
1.769264489412307739e-01
6.830611228942871094e-01
-2.637064158916473389e-01
-1.276131272315979004e-01
-4.218899905681610107e-01
-9.417952895164489746e-01
8.930137753486633301e-01
-1.604401111602783203e+00
-3.792661130428314209e-01
-2.479759603738784790e-01
7.781530022621154785e-01
-1.511508673429489136e-01
7.397533059120178223e-01
-2.409286499023437500e-01
3.714587986469268799e-01
-9.427887201309204102e-02
-7.036495804786682129e-01
-3.740750551223754883e-01
1.009488850831985474e-01
-4.580776989459991455e-01
9.364892244338989258e-01
1.424787491559982300e-01
-3.738536238670349121e-01
-1.111481308937072754e+00
-5.959286689758300781e-01
5.739083290100097656e-01
-1.689545251429080963e-02
7.496006488800048828e-01
4.521070122718811035e-01
-2.195253223180770874e-01
-6.547452807426452637e-01
-2.062424868345260620e-01
-3.862914741039276123e-01
-1.106073185801506042e-01
2.995423972606658936e-01
1.877411007881164551e-01
-1.045783519744873047e+00
2.445173412561416626e-01
1.358778923749923706e-01
4.397584795951843262e-01
6.825197022408246994e-03
-7.794201970100402832e-01
8.423984646797180176e-01
-8.339041471481323242e-01
5.721687078475952148e-01
-4.329971373081207275e-01
6.656706929206848145e-01
-1.048618316650390625e+00
8.518410325050354004e-01
3.999107480049133301e-01
-9.694771170616149902e-01
-2.498243004083633423e-01
-9.798165559768676758e-01
-6.343873739242553711e-01
-7.927596569061279297e-01
3.730167746543884277e-01
4.391264021396636963e-01
5.672953724861145020e-01
-5.134343504905700684e-01
-1.579301655292510986e-01
-4.300224781036376953e-01
-1.704394519329071045e-01
1.410438060760498047e+00
1.204694271087646484e+00
2.368147969245910645e-01
1.327394247055053711e-01
-3.023587465286254883e-01
-4.606603085994720459e-02
-6.381732225418090820e-01
-4.397744834423065186e-01
2.034427523612976074e-01
5.868691578507423401e-02
7.322554588317871094e-01
-2.093672938644886017e-02
-1.095162034034729004e+00
2.889803946018218994e-01
2.560759484767913818e-01
-6.285510957241058350e-02
-4.387356340885162354e-01
-6.810545921325683594e-02
-2.209257893264293671e-02
-1.748620867729187012e-01
4.144744202494621277e-02
-4.560812115669250488e-01
-4.076307713985443115e-01
-5.584943890571594238e-01
-6.270062923431396484e-01
6.266008019447326660e-01
-7.586800456047058105e-01
-3.006570637226104736e-01
-9.355320334434509277e-01
8.431152701377868652e-01
-5.592746138572692871e-01
-2.165453135967254639e-01
-4.346558451652526855e-01
8.329552412033081055e-02
1.598064452409744263e-01
-3.543958067893981934e-01
-1.233515068888664246e-01
-7.427718490362167358e-02
-2.606089115142822266e-01
3.224427402019500732e-01
-8.192333579063415527e-01
-6.210520863533020020e-01
-1.679196953773498535e-01
-4.548243880271911621e-01
-6.165028363466262817e-02
-3.834453821182250977e-01
-5.111777186393737793e-01
6.173439025878906250e-01
2.798348069190979004e-01
-6.737228631973266602e-01
9.599013626575469971e-02
-1.045755520462989807e-01
-2.137467563152313232e-01
-2.667049169540405273e-01
-8.924079537391662598e-01
2.618502825498580933e-02
9.372712671756744385e-02
4.297422766685485840e-01
4.262739121913909912e-01
8.296476304531097412e-02
-2.591413855552673340e-01
-1.321760535240173340e+00
6.555713415145874023e-01
-2.410468161106109619e-01
-2.670574784278869629e-01
-9.396235346794128418e-01
-1.231653317809104919e-01
-1.048753738403320312e+00
-2.033657729625701904e-01
6.002227663993835449e-01
-9.874735772609710693e-02
-4.443448781967163086e-01
2.296164259314537048e-02
9.487127661705017090e-01
-2.523805797100067139e-01
-6.051889657974243164e-01
3.955369293689727783e-01
2.331766765564680099e-03
2.154618054628372192e-01
2.012609504163265228e-03
-1.472032219171524048e-01
-1.363389968872070312e+00
-5.275365114212036133e-01
4.154157340526580811e-01
-1.483074575662612915e-01
1.000114623457193375e-02
-1.300295740365982056e-01
