1.679834574460983276e-01
2.925710380077362061e-01
1.333340406417846680e-01
8.058446645736694336e-02
1.956666111946105957e-01
1.413569748401641846e-01
1.878056377172470093e-01
1.144903749227523804e-01
2.354001253843307495e-01
2.073311656713485718e-01
2.293658256530761719e-01
2.077937573194503784e-01
3.014734089374542236e-01
1.565599590539932251e-01
1.209699884057044983e-01
3.386918604373931885e-01
3.403866887092590332e-01
1.324333548545837402e-01
2.443972676992416382e-01
1.298153847455978394e-01
1.823455691337585449e-01
2.060770839452743530e-01
1.095807403326034546e-01
1.359231173992156982e-01
2.696347236633300781e-01
2.338204532861709595e-01
1.683082133531570435e-01
1.478233486413955688e-01
2.257245630025863647e-01
2.689756453037261963e-01
1.665685772895812988e-01
2.092503458261489868e-01
1.520934104919433594e-01
1.353479176759719849e-01
1.811120212078094482e-01
1.843922734260559082e-01
2.016757130622863770e-01
1.427248865365982056e-01
1.234733834862709045e-01
2.074453085660934448e-01
9.934953600168228149e-02
1.742507964372634888e-01
1.831524819135665894e-01
3.133522272109985352e-01
1.539900749921798706e-01
1.436254233121871948e-01
2.325225174427032471e-01
2.195288091897964478e-01
1.940142214298248291e-01
1.341892182826995850e-01
3.062747716903686523e-01
1.041718870401382446e-01
2.084993869066238403e-01
1.866358220577239990e-01
1.447561532258987427e-01
1.399224400520324707e-01
1.921816468238830566e-01
2.745729088783264160e-01
2.274790108203887939e-01
1.710967272520065308e-01
2.495559006929397583e-01
1.877989321947097778e-01
3.952068686485290527e-01
2.047093510627746582e-01
