1.075466647744178772e-01
1.833146363496780396e-01
1.202407330274581909e-01
1.422791779041290283e-01
9.472212940454483032e-02
1.573122590780258179e-01
1.242219135165214539e-01
1.328131258487701416e-01
1.513855755329132080e-01
1.011281311511993408e-01
1.014036759734153748e-01
1.099450066685676575e-01
1.389750391244888306e-01
1.570596545934677124e-01
9.818741679191589355e-02
1.433475762605667114e-01
9.747528284788131714e-02
1.088546440005302429e-01
1.188078075647354126e-01
1.004185453057289124e-01
1.656883507966995239e-01
1.110690385103225708e-01
1.117768660187721252e-01
1.304860711097717285e-01
1.278772950172424316e-01
1.251400858163833618e-01
1.221348941326141357e-01
1.212488859891891479e-01
9.907185286283493042e-02
9.558588266372680664e-02
1.467454582452774048e-01
1.082065254449844360e-01
1.121579706668853760e-01
1.639592349529266357e-01
1.031191423535346985e-01
1.619828194379806519e-01
1.168914884328842163e-01
1.297815293073654175e-01
1.358281224966049194e-01
1.215976625680923462e-01
8.837860822677612305e-02
1.094259619712829590e-01
1.482845544815063477e-01
1.405821889638900757e-01
1.196246668696403503e-01
1.165508255362510681e-01
1.283097416162490845e-01
1.222170889377593994e-01
1.134967133402824402e-01
1.068087890744209290e-01
1.055843159556388855e-01
9.399589896202087402e-02
1.364047378301620483e-01
1.243176162242889404e-01
1.557131409645080566e-01
1.085199937224388123e-01
1.188429817557334900e-01
1.154112741351127625e-01
1.207929402589797974e-01
1.192645803093910217e-01
1.164152324199676514e-01
1.231887713074684143e-01
1.441205888986587524e-01
1.001680418848991394e-01
1.134957000613212585e-01
1.202479004859924316e-01
1.459648311138153076e-01
9.448976069688796997e-02
1.208489835262298584e-01
1.252328604459762573e-01
1.321360617876052856e-01
9.584766626358032227e-02
1.284665018320083618e-01
9.088355302810668945e-02
1.542829126119613647e-01
1.213722899556159973e-01
1.322979032993316650e-01
1.112757250666618347e-01
1.415573209524154663e-01
1.114888712763786316e-01
1.252939701080322266e-01
1.317229121923446655e-01
1.120752915740013123e-01
1.391610056161880493e-01
1.080528870224952698e-01
9.141702950000762939e-02
1.395781785249710083e-01
1.060945391654968262e-01
1.349527388811111450e-01
1.122686192393302917e-01
1.225654035806655884e-01
1.323393732309341431e-01
1.263380348682403564e-01
1.004097387194633484e-01
1.163913235068321228e-01
1.117912977933883667e-01
1.351928263902664185e-01
1.648521721363067627e-01
1.170320957899093628e-01
1.131828948855400085e-01
1.289283633232116699e-01
1.233932226896286011e-01
1.089533641934394836e-01
1.488503664731979370e-01
1.378829777240753174e-01
1.120395287871360779e-01
1.232012659311294556e-01
1.100874394178390503e-01
1.238712817430496216e-01
1.157362014055252075e-01
1.193649396300315857e-01
1.316437125205993652e-01
1.761502176523208618e-01
1.111068129539489746e-01
1.183645874261856079e-01
1.048021093010902405e-01
1.054866090416908264e-01
1.005111634731292725e-01
1.245188638567924500e-01
1.257832348346710205e-01
1.179183423519134521e-01
1.119352951645851135e-01
1.252171844244003296e-01
1.526757180690765381e-01
1.176033541560173035e-01
9.487555921077728271e-02
9.895002096891403198e-02
1.459939181804656982e-01
1.204461082816123962e-01
1.325691938400268555e-01
1.031775400042533875e-01
9.356708079576492310e-02
1.113087981939315796e-01
1.584436744451522827e-01
1.110026463866233826e-01
1.177475005388259888e-01
1.484626829624176025e-01
1.360803991556167603e-01
1.515402346849441528e-01
1.256245076656341553e-01
1.353446394205093384e-01
1.212393045425415039e-01
1.333224028348922729e-01
1.321578770875930786e-01
1.235692203044891357e-01
1.310807168483734131e-01
1.530385464429855347e-01
1.310975998640060425e-01
1.264197230339050293e-01
1.183082461357116699e-01
1.197697892785072327e-01
1.359787583351135254e-01
1.034042835235595703e-01
1.220810562372207642e-01
1.374993771314620972e-01
1.030552461743354797e-01
1.113872006535530090e-01
1.036087572574615479e-01
1.421099603176116943e-01
1.138105690479278564e-01
1.051693409681320190e-01
1.523213684558868408e-01
1.208960190415382385e-01
9.988047927618026733e-02
1.063411086797714233e-01
9.017474949359893799e-02
1.355812102556228638e-01
1.157423779368400574e-01
1.249095499515533447e-01
1.191708296537399292e-01
1.066581308841705322e-01
1.035851016640663147e-01
1.086882948875427246e-01
1.186058372259140015e-01
1.473715603351593018e-01
8.504328131675720215e-02
1.397100090980529785e-01
1.214011758565902710e-01
9.435170143842697144e-02
1.428696960210800171e-01
1.180970668792724609e-01
1.073996424674987793e-01
1.163782775402069092e-01
1.032521724700927734e-01
1.220279112458229065e-01
1.326401233673095703e-01
1.556417793035507202e-01
1.726906001567840576e-01
1.323819905519485474e-01
1.367457807064056396e-01
1.270897388458251953e-01
1.359875500202178955e-01
1.128327399492263794e-01
1.398793607950210571e-01
1.282073110342025757e-01
1.305160671472549438e-01
9.436202049255371094e-02
1.125692427158355713e-01
1.428160369396209717e-01
1.303264945745468140e-01
1.384085267782211304e-01
1.257869303226470947e-01
1.223134547472000122e-01
1.092079132795333862e-01
1.153189912438392639e-01
1.144907251000404358e-01
1.326831281185150146e-01
1.197318583726882935e-01
1.122980192303657532e-01
1.304232776165008545e-01
1.319422423839569092e-01
1.262222677469253540e-01
1.152213439345359802e-01
1.010598391294479370e-01
1.162499487400054932e-01
1.276420354843139648e-01
1.288382411003112793e-01
1.233615800738334656e-01
1.411678344011306763e-01
1.464865207672119141e-01
1.498062312602996826e-01
1.351610273122787476e-01
1.278355121612548828e-01
1.232596933841705322e-01
1.015798300504684448e-01
1.054071187973022461e-01
1.240403801202774048e-01
1.157448217272758484e-01
1.229263842105865479e-01
1.444855779409408569e-01
1.274902075529098511e-01
1.277043968439102173e-01
1.809596866369247437e-01
1.101695597171783447e-01
9.934186935424804688e-02
1.198668256402015686e-01
1.359553486108779907e-01
1.235169321298599243e-01
1.235933527350425720e-01
1.137801706790924072e-01
1.147871911525726318e-01
1.360348016023635864e-01
1.156539842486381531e-01
1.056673526763916016e-01
1.539316773414611816e-01
1.274848729372024536e-01
1.043061092495918274e-01
1.380450278520584106e-01
1.469376683235168457e-01
1.052512228488922119e-01
1.229379922151565552e-01
1.124249547719955444e-01
1.486818045377731323e-01
1.316290050745010376e-01
1.472550183534622192e-01
1.108029112219810486e-01
