-1.060932755470275879e+00
-2.287735641002655029e-01
1.433653384447097778e-01
2.210840135812759399e-01
-7.433953136205673218e-02
-3.534681797027587891e-01
-6.917209625244140625e-01
-6.102774143218994141e-01
-3.367621600627899170e-01
6.065140962600708008e-01
-2.688385248184204102e-01
-2.553049474954605103e-02
-5.964625477790832520e-01
-4.794490635395050049e-01
3.944160640239715576e-01
-2.035327702760696411e-01
5.433577299118041992e-01
3.965841978788375854e-02
-5.214689970016479492e-01
-3.939219117164611816e-01
1.626857817173004150e-01
-3.705241084098815918e-01
5.376633405685424805e-01
5.010446310043334961e-01
3.263236880302429199e-01
-2.356750071048736572e-01
-7.838537096977233887e-01
2.359718680381774902e-01
3.607410192489624023e-01
4.830956161022186279e-01
-3.175781071186065674e-01
-1.093279123306274414e-01
-5.377442240715026855e-01
-2.326888740062713623e-01
-1.642942428588867188e-01
7.351541519165039062e-02
4.090005159378051758e-01
-2.281611785292625427e-02
5.944842845201492310e-02
4.844195544719696045e-01
-6.101775169372558594e-01
7.275745272636413574e-01
3.797994926571846008e-02
-1.126406490802764893e-01
-5.419512987136840820e-01
-5.558764934539794922e-01
6.323429942131042480e-01
9.110148549079895020e-01
-1.510511189699172974e-01
-5.364810228347778320e-01
1.337078064680099487e-01
-7.913413047790527344e-01
6.625044345855712891e-01
-2.576610147953033447e-01
-2.768868207931518555e-01
-2.296239137649536133e-01
-4.382866621017456055e-02
-1.051486968994140625e+00
-6.970993280410766602e-01
4.013980552554130554e-02
5.113700628280639648e-01
5.109711885452270508e-01
-4.109762609004974365e-01
-2.003372013568878174e-01
