1.437129080295562744e-01
1.804116070270538330e-01
1.689677238464355469e-01
1.305089890956878662e-01
1.220633089542388916e-01
1.586029529571533203e-01
1.476128250360488892e-01
1.119571402668952942e-01
1.353100538253784180e-01
1.385142356157302856e-01
1.401328444480895996e-01
1.427392363548278809e-01
1.365909129381179810e-01
1.305223554372787476e-01
1.468721181154251099e-01
1.215388476848602295e-01
1.885794252157211304e-01
1.930672377347946167e-01
1.188446506857872009e-01
1.760439425706863403e-01
1.516446471214294434e-01
1.585958003997802734e-01
1.233423650264739990e-01
1.190416589379310608e-01
1.360352039337158203e-01
1.686997264623641968e-01
1.764389872550964355e-01
1.289615780115127563e-01
1.149603873491287231e-01
2.004362791776657104e-01
1.146052554249763489e-01
1.205455139279365540e-01
1.267572343349456787e-01
1.434982419013977051e-01
1.159805729985237122e-01
1.441582143306732178e-01
1.337352991104125977e-01
1.270024776458740234e-01
1.169014722108840942e-01
2.118370532989501953e-01
1.624655872583389282e-01
2.160467505455017090e-01
1.539985686540603638e-01
1.566215306520462036e-01
1.359195411205291748e-01
1.377481371164321899e-01
1.289484500885009766e-01
1.100077480077743530e-01
1.394346803426742554e-01
1.390474736690521240e-01
1.402364820241928101e-01
1.636602282524108887e-01
1.204042360186576843e-01
1.498581618070602417e-01
1.660216152667999268e-01
1.231544539332389832e-01
1.517625749111175537e-01
1.454183459281921387e-01
1.649330109357833862e-01
1.369601339101791382e-01
1.313908249139785767e-01
1.438781917095184326e-01
1.482647955417633057e-01
1.386481374502182007e-01
1.065710112452507019e-01
1.405915170907974243e-01
1.370508670806884766e-01
1.176004782319068909e-01
1.695143282413482666e-01
1.376587599515914917e-01
1.467706859111785889e-01
1.563649177551269531e-01
1.081864535808563232e-01
1.444073468446731567e-01
1.588546484708786011e-01
1.728873252868652344e-01
1.158902570605278015e-01
1.430784463882446289e-01
1.663654595613479614e-01
1.462621092796325684e-01
1.351428478956222534e-01
1.463137865066528320e-01
1.527559757232666016e-01
1.310566514730453491e-01
1.289094537496566772e-01
1.177524551749229431e-01
1.111820638179779053e-01
1.388706564903259277e-01
1.268193274736404419e-01
1.781297028064727783e-01
1.759090423583984375e-01
1.177360936999320984e-01
1.187039241194725037e-01
1.517609655857086182e-01
1.131845712661743164e-01
1.238121613860130310e-01
1.646538525819778442e-01
1.332399398088455200e-01
1.298519968986511230e-01
1.481109857559204102e-01
1.356119364500045776e-01
1.199145168066024780e-01
1.544428318738937378e-01
1.440625190734863281e-01
1.440540850162506104e-01
1.301507800817489624e-01
1.574530601501464844e-01
1.287049204111099243e-01
1.115299090743064880e-01
1.146613806486129761e-01
1.170105189085006714e-01
1.185971051454544067e-01
1.324657052755355835e-01
1.279788762331008911e-01
1.749465316534042358e-01
1.594798266887664795e-01
1.308355629444122314e-01
1.330969929695129395e-01
1.287198066711425781e-01
1.133600771427154541e-01
1.033848524093627930e-01
1.285610347986221313e-01
1.115085110068321228e-01
1.601013094186782837e-01
1.386964172124862671e-01
1.359575539827346802e-01
1.502645015716552734e-01
1.539828926324844360e-01
1.599268764257431030e-01
1.267743557691574097e-01
1.602675169706344604e-01
1.395663619041442871e-01
1.225548014044761658e-01
1.909836679697036743e-01
2.125635743141174316e-01
1.403197497129440308e-01
1.219989359378814697e-01
1.185726374387741089e-01
1.480714529752731323e-01
1.294216662645339966e-01
1.381730437278747559e-01
1.299034655094146729e-01
1.347477287054061890e-01
1.311311721801757812e-01
1.349956542253494263e-01
1.130994260311126709e-01
1.213392242789268494e-01
1.176268979907035828e-01
1.595554500818252563e-01
1.223976537585258484e-01
1.893723160028457642e-01
1.302307844161987305e-01
1.236008405685424805e-01
1.360532492399215698e-01
1.507006883621215820e-01
1.448046267032623291e-01
1.572938412427902222e-01
1.222437471151351929e-01
1.411219090223312378e-01
1.301004737615585327e-01
1.620167791843414307e-01
1.306679397821426392e-01
1.913179457187652588e-01
1.912963390350341797e-01
1.300947666168212891e-01
1.409147530794143677e-01
1.200510412454605103e-01
1.181030347943305969e-01
1.680063903331756592e-01
1.123199760913848877e-01
1.292257457971572876e-01
2.013511955738067627e-01
1.532017886638641357e-01
1.264217048883438110e-01
1.461003422737121582e-01
1.877236664295196533e-01
1.323766261339187622e-01
1.256918162107467651e-01
1.280442029237747192e-01
1.646436005830764771e-01
1.549748927354812622e-01
1.475982069969177246e-01
1.438217610120773315e-01
1.925891786813735962e-01
1.940086334943771362e-01
1.406372785568237305e-01
1.525051891803741455e-01
1.045782268047332764e-01
1.468427032232284546e-01
1.002982333302497864e-01
1.610199809074401855e-01
1.541487276554107666e-01
1.306039690971374512e-01
1.383120417594909668e-01
1.274519860744476318e-01
1.587507277727127075e-01
1.082528829574584961e-01
1.019265875220298767e-01
1.809536665678024292e-01
1.314497739076614380e-01
2.160852402448654175e-01
1.277261525392532349e-01
1.099432185292243958e-01
1.364859193563461304e-01
1.347351819276809692e-01
1.659521311521530151e-01
1.716354936361312866e-01
1.679167300462722778e-01
1.517425328493118286e-01
1.668188571929931641e-01
1.333512663841247559e-01
1.327350437641143799e-01
1.571013629436492920e-01
1.158547997474670410e-01
1.590581834316253662e-01
1.882763803005218506e-01
1.539056003093719482e-01
1.538589894771575928e-01
1.767671257257461548e-01
1.249903738498687744e-01
1.547577679157257080e-01
1.495842337608337402e-01
1.499804258346557617e-01
1.164848953485488892e-01
1.775283068418502808e-01
1.219313740730285645e-01
1.341046094894409180e-01
1.828853487968444824e-01
1.635498255491256714e-01
1.201858073472976685e-01
1.529583781957626343e-01
1.217349246144294739e-01
1.556687206029891968e-01
1.124294400215148926e-01
1.830784827470779419e-01
1.316967755556106567e-01
1.565278768539428711e-01
1.684986650943756104e-01
1.104671433568000793e-01
1.641241908073425293e-01
1.204915344715118408e-01
1.385497748851776123e-01
1.578872203826904297e-01
1.976903229951858521e-01
1.623652279376983643e-01
1.741227656602859497e-01
1.332067251205444336e-01
1.358574926853179932e-01
1.354991346597671509e-01
1.334929019212722778e-01
1.906723827123641968e-01
1.838800311088562012e-01
1.999899148941040039e-01
1.437618583440780640e-01
1.669760197401046753e-01
1.690932512283325195e-01
1.718323081731796265e-01
1.246074140071868896e-01
1.556739658117294312e-01
1.196667179465293884e-01
1.215201020240783691e-01
1.301193982362747192e-01
1.377405226230621338e-01
1.368447840213775635e-01
1.587659716606140137e-01
1.171914339065551758e-01
1.291043162345886230e-01
1.049200147390365601e-01
1.600613594055175781e-01
1.195639148354530334e-01
1.399867683649063110e-01
1.450448781251907349e-01
1.199503615498542786e-01
1.249398216605186462e-01
1.196003332734107971e-01
1.376773715019226074e-01
1.176530346274375916e-01
1.441993564367294312e-01
1.226027235388755798e-01
1.079828217625617981e-01
1.606048345565795898e-01
1.410336494445800781e-01
1.272739619016647339e-01
1.653495877981185913e-01
1.205714941024780273e-01
1.069540604948997498e-01
1.185973361134529114e-01
1.123525500297546387e-01
1.278417259454727173e-01
1.893921345472335815e-01
1.255882978439331055e-01
1.284718513488769531e-01
1.736604124307632446e-01
1.224205344915390015e-01
1.693927496671676636e-01
1.814143955707550049e-01
1.502213180065155029e-01
1.261056661605834961e-01
1.360777467489242554e-01
9.966915100812911987e-02
1.263859272003173828e-01
1.192165240645408630e-01
1.431920379400253296e-01
1.400129050016403198e-01
1.564508080482482910e-01
1.439125090837478638e-01
1.298291236162185669e-01
1.361203342676162720e-01
1.380313485860824585e-01
1.538812369108200073e-01
1.342356353998184204e-01
1.317083984613418579e-01
1.076071187853813171e-01
1.713995188474655151e-01
1.264192312955856323e-01
1.375226080417633057e-01
1.276326477527618408e-01
1.294708698987960815e-01
1.340272873640060425e-01
1.325327008962631226e-01
1.394416391849517822e-01
1.162904277443885803e-01
1.359049826860427856e-01
1.331822723150253296e-01
1.379027217626571655e-01
1.355068683624267578e-01
1.697530299425125122e-01
1.377336680889129639e-01
1.657379120588302612e-01
1.384774893522262573e-01
1.189813688397407532e-01
1.328810602426528931e-01
1.220397800207138062e-01
1.272322982549667358e-01
1.198561489582061768e-01
1.631106883287429810e-01
2.371023744344711304e-01
1.305717527866363525e-01
1.253488063812255859e-01
1.297642141580581665e-01
1.548590511083602905e-01
1.149676889181137085e-01
1.293691694736480713e-01
1.538559198379516602e-01
1.358073949813842773e-01
1.749888807535171509e-01
1.379218697547912598e-01
1.413595080375671387e-01
1.554138958454132080e-01
1.689894348382949829e-01
1.317592114210128784e-01
1.705982536077499390e-01
1.122016981244087219e-01
1.534933745861053467e-01
1.480907499790191650e-01
1.689244359731674194e-01
1.239282637834548950e-01
1.367343813180923462e-01
1.379544585943222046e-01
1.543856412172317505e-01
1.306452006101608276e-01
1.559549272060394287e-01
1.272372454404830933e-01
1.248120591044425964e-01
1.167128235101699829e-01
1.723940074443817139e-01
1.641768962144851685e-01
1.598332524299621582e-01
1.851357221603393555e-01
1.292546093463897705e-01
1.422729939222335815e-01
1.140653789043426514e-01
1.484363228082656860e-01
1.512557566165924072e-01
1.143491193652153015e-01
1.624750196933746338e-01
1.531968563795089722e-01
1.142104119062423706e-01
1.759821772575378418e-01
1.469211876392364502e-01
1.446514427661895752e-01
1.399484127759933472e-01
1.202831938862800598e-01
1.404651701450347900e-01
1.333707123994827271e-01
1.361609101295471191e-01
1.540306955575942993e-01
1.852587014436721802e-01
1.256128549575805664e-01
1.543483287096023560e-01
1.370633691549301147e-01
1.213127523660659790e-01
1.411128640174865723e-01
1.152810528874397278e-01
1.759326905012130737e-01
1.274093836545944214e-01
1.335990577936172485e-01
1.164385676383972168e-01
1.555201113224029541e-01
1.338237673044204712e-01
1.326534897089004517e-01
1.316621601581573486e-01
1.645234823226928711e-01
1.334691345691680908e-01
1.383082121610641479e-01
1.516206711530685425e-01
1.344016492366790771e-01
1.282957643270492554e-01
1.594636589288711548e-01
1.221279650926589966e-01
1.334559172391891479e-01
1.880236715078353882e-01
1.628952324390411377e-01
1.265251636505126953e-01
1.369718611240386963e-01
1.615762561559677124e-01
1.312329471111297607e-01
1.147613525390625000e-01
1.545743197202682495e-01
1.267525106668472290e-01
1.425749659538269043e-01
1.489594578742980957e-01
1.418216377496719360e-01
1.601310223340988159e-01
1.228559166193008423e-01
1.365823745727539062e-01
1.638687551021575928e-01
1.650849133729934692e-01
1.523598879575729370e-01
2.232214212417602539e-01
1.816283762454986572e-01
1.597047597169876099e-01
1.679946929216384888e-01
1.592296212911605835e-01
1.581314504146575928e-01
1.650716811418533325e-01
1.177397072315216064e-01
1.419488042593002319e-01
1.163979023694992065e-01
1.172595694661140442e-01
1.281608045101165771e-01
1.710952818393707275e-01
1.625138372182846069e-01
1.493096053600311279e-01
1.156392842531204224e-01
1.277812719345092773e-01
1.300066262483596802e-01
1.359589993953704834e-01
1.335980743169784546e-01
1.267184764146804810e-01
1.304529309272766113e-01
1.411710828542709351e-01
1.363146603107452393e-01
1.510167121887207031e-01
1.772094666957855225e-01
1.383158713579177856e-01
1.342999488115310669e-01
1.381203532218933105e-01
1.480437070131301880e-01
1.730329543352127075e-01
1.623033285140991211e-01
1.328621208667755127e-01
1.406283676624298096e-01
2.103079259395599365e-01
1.255502700805664062e-01
1.448089778423309326e-01
1.677967756986618042e-01
1.577289551496505737e-01
1.408486664295196533e-01
1.966974437236785889e-01
1.754299402236938477e-01
1.463255733251571655e-01
1.766848862171173096e-01
1.207465678453445435e-01
1.184312254190444946e-01
1.880319565534591675e-01
1.274066120386123657e-01
1.270409375429153442e-01
1.837760210037231445e-01
1.538845747709274292e-01
1.159879863262176514e-01
1.393496692180633545e-01
1.328847855329513550e-01
1.365049630403518677e-01
1.617077887058258057e-01
1.365473568439483643e-01
1.091534420847892761e-01
1.252369582653045654e-01
1.877571493387222290e-01
1.651999950408935547e-01
1.852043271064758301e-01
1.239791512489318848e-01
1.479657739400863647e-01
1.523913592100143433e-01
1.523267179727554321e-01
9.637383371591567993e-02
1.349261552095413208e-01
1.664039492607116699e-01
1.566281616687774658e-01
1.143219545483589172e-01
1.550593972206115723e-01
1.530588269233703613e-01
1.652542948722839355e-01
1.771807223558425903e-01
1.301610916852951050e-01
1.223968267440795898e-01
1.574273556470870972e-01
1.599134653806686401e-01
1.627128273248672485e-01
1.179128661751747131e-01
1.297980695962905884e-01
1.330620646476745605e-01
