1.238307431340217590e-01
1.298511326313018799e-01
1.471881866455078125e-01
1.217633560299873352e-01
1.318439841270446777e-01
1.656456738710403442e-01
1.344455629587173462e-01
1.490723043680191040e-01
1.323428004980087280e-01
1.187890619039535522e-01
1.359316557645797729e-01
1.474123001098632812e-01
1.141015589237213135e-01
1.686531156301498413e-01
1.489005088806152344e-01
1.289410740137100220e-01
1.533962637186050415e-01
1.437140852212905884e-01
1.128344833850860596e-01
1.242568045854568481e-01
1.085817664861679077e-01
1.570679843425750732e-01
1.013155356049537659e-01
1.596026420593261719e-01
1.570293158292770386e-01
1.563220024108886719e-01
1.366742849349975586e-01
1.355343461036682129e-01
1.227731928229331970e-01
1.053224354982376099e-01
1.082802489399909973e-01
9.524605423212051392e-02
1.557443439960479736e-01
1.279536336660385132e-01
1.148346364498138428e-01
1.232139095664024353e-01
1.351211667060852051e-01
9.759083390235900879e-02
1.084569022059440613e-01
9.793679416179656982e-02
1.591420173645019531e-01
8.939100801944732666e-02
1.250645071268081665e-01
1.155353635549545288e-01
1.240303367376327515e-01
1.365808695554733276e-01
9.480571001768112183e-02
1.125784069299697876e-01
1.723341345787048340e-01
1.479884535074234009e-01
1.494211256504058838e-01
1.234581544995307922e-01
1.188037544488906860e-01
1.774206608533859253e-01
1.297577768564224243e-01
1.225737109780311584e-01
1.271648108959197998e-01
1.279317289590835571e-01
1.029923632740974426e-01
1.400917321443557739e-01
9.657223522663116455e-02
1.324704289436340332e-01
1.565357893705368042e-01
1.059738844633102417e-01
1.339693963527679443e-01
1.653528511524200439e-01
1.463909745216369629e-01
1.142511889338493347e-01
1.367656886577606201e-01
1.914646178483963013e-01
1.041737720370292664e-01
1.304749846458435059e-01
1.085237413644790649e-01
1.553396135568618774e-01
1.079959273338317871e-01
1.353846937417984009e-01
1.630655378103256226e-01
1.346370726823806763e-01
1.270895749330520630e-01
1.352789551019668579e-01
1.187167912721633911e-01
1.234561130404472351e-01
1.257563084363937378e-01
1.274944841861724854e-01
9.859559684991836548e-02
1.284238398075103760e-01
1.202255263924598694e-01
1.182928234338760376e-01
1.541938930749893188e-01
1.305921822786331177e-01
1.736911237239837646e-01
1.160584241151809692e-01
1.042515560984611511e-01
1.256344318389892578e-01
1.420964896678924561e-01
9.283486753702163696e-02
1.074679568409919739e-01
9.691767394542694092e-02
1.523375660181045532e-01
1.217435374855995178e-01
1.177443265914916992e-01
1.474549174308776855e-01
1.649487167596817017e-01
1.481893509626388550e-01
1.143770366907119751e-01
1.182068958878517151e-01
1.339978873729705811e-01
1.383243799209594727e-01
1.307495534420013428e-01
1.218702420592308044e-01
1.639301329851150513e-01
1.540677845478057861e-01
1.258342862129211426e-01
1.299208998680114746e-01
8.945244550704956055e-02
1.100143641233444214e-01
1.255296915769577026e-01
1.131742820143699646e-01
1.258380264043807983e-01
1.025203019380569458e-01
1.213748604059219360e-01
1.204753369092941284e-01
1.519199758768081665e-01
1.622619330883026123e-01
1.333224475383758545e-01
1.322366744279861450e-01
1.561684161424636841e-01
1.482229679822921753e-01
1.131005585193634033e-01
1.380374282598495483e-01
1.334696263074874878e-01
1.332105100154876709e-01
9.154745936393737793e-02
1.813141554594039917e-01
1.184643134474754333e-01
1.088379845023155212e-01
1.340626031160354614e-01
8.189193159341812134e-02
1.455934643745422363e-01
1.276808381080627441e-01
9.132532775402069092e-02
1.422914117574691772e-01
1.623868197202682495e-01
1.467902511358261108e-01
1.263588964939117432e-01
9.379421919584274292e-02
1.680163592100143433e-01
1.238617673516273499e-01
1.366883516311645508e-01
6.793471425771713257e-02
1.826363354921340942e-01
1.241756975650787354e-01
1.114834472537040710e-01
1.377148628234863281e-01
1.432978957891464233e-01
1.112539842724800110e-01
1.259194165468215942e-01
1.484662592411041260e-01
1.359197050333023071e-01
1.477343291044235229e-01
1.123519763350486755e-01
1.560081839561462402e-01
1.390032321214675903e-01
1.244319751858711243e-01
1.285962909460067749e-01
1.387583464384078979e-01
1.135288551449775696e-01
1.270718425512313843e-01
1.110952794551849365e-01
1.192930415272712708e-01
1.069667115807533264e-01
1.291339248418807983e-01
1.290293633937835693e-01
9.906712174415588379e-02
1.132590174674987793e-01
1.192062497138977051e-01
1.280974149703979492e-01
1.291727423667907715e-01
1.605771929025650024e-01
1.544007807970046997e-01
1.311606466770172119e-01
1.266545206308364868e-01
1.773063093423843384e-01
9.853642433881759644e-02
1.002029627561569214e-01
1.391967386007308960e-01
1.579186320304870605e-01
1.178619414567947388e-01
1.119817197322845459e-01
1.337706446647644043e-01
1.407949924468994141e-01
1.228099316358566284e-01
1.203088611364364624e-01
1.702021062374114990e-01
1.591794043779373169e-01
1.558834612369537354e-01
1.205489262938499451e-01
1.425019204616546631e-01
1.096184626221656799e-01
1.376485526561737061e-01
1.166796609759330750e-01
1.413110196590423584e-01
1.483128219842910767e-01
1.124195829033851624e-01
1.081999093294143677e-01
1.296805590391159058e-01
1.232997030019760132e-01
1.247143894433975220e-01
1.441657841205596924e-01
1.449015587568283081e-01
1.104016527533531189e-01
1.057175695896148682e-01
1.398113220930099487e-01
1.276759505271911621e-01
8.567842841148376465e-02
1.677666306495666504e-01
1.143396869301795959e-01
8.836286514997482300e-02
1.125002428889274597e-01
1.321077197790145874e-01
1.176995411515235901e-01
1.702232658863067627e-01
1.420272588729858398e-01
1.422569006681442261e-01
1.323738545179367065e-01
1.636542230844497681e-01
8.146001398563385010e-02
1.189860627055168152e-01
1.405732631683349609e-01
1.093970760703086853e-01
1.623275578022003174e-01
9.721550345420837402e-02
1.328006833791732788e-01
1.329573094844818115e-01
1.165302321314811707e-01
1.218139454722404480e-01
1.416473090648651123e-01
1.569092571735382080e-01
1.396505385637283325e-01
1.113140359520912170e-01
1.351420283317565918e-01
1.052378788590431213e-01
1.382970958948135376e-01
1.331241875886917114e-01
1.440488100051879883e-01
1.303114891052246094e-01
9.516480565071105957e-02
9.708025306463241577e-02
1.302299797534942627e-01
1.194647699594497681e-01
1.154149398207664490e-01
1.453463286161422729e-01
1.097875237464904785e-01
1.544644534587860107e-01
8.920956403017044067e-02
1.014224365353584290e-01
1.317793875932693481e-01
1.115295812487602234e-01
1.231764182448387146e-01
1.043553724884986877e-01
1.260852664709091187e-01
8.305282145738601685e-02
1.217142120003700256e-01
1.258394420146942139e-01
1.421005427837371826e-01
8.895029127597808838e-02
1.389062404632568359e-01
1.513517796993255615e-01
1.276350021362304688e-01
1.264640986919403076e-01
1.370392292737960815e-01
1.253933906555175781e-01
1.362548470497131348e-01
1.346747726202011108e-01
9.157015383243560791e-02
1.484270840883255005e-01
1.416543722152709961e-01
1.130655854940414429e-01
2.004727125167846680e-01
1.248296722769737244e-01
1.327032148838043213e-01
1.197915002703666687e-01
1.130123659968376160e-01
1.338341981172561646e-01
1.312478035688400269e-01
1.611640304327011108e-01
9.204391390085220337e-02
1.256920546293258667e-01
1.343589872121810913e-01
1.261738389730453491e-01
1.297378540039062500e-01
9.395560622215270996e-02
1.517797857522964478e-01
1.438964903354644775e-01
1.511942148208618164e-01
1.373484432697296143e-01
1.282295286655426025e-01
9.880556166172027588e-02
1.175938770174980164e-01
1.040632501244544983e-01
1.909575611352920532e-01
1.324353367090225220e-01
1.242105513811111450e-01
1.298272162675857544e-01
1.407201141119003296e-01
1.267440766096115112e-01
1.276780366897583008e-01
1.161355748772621155e-01
9.402160346508026123e-02
1.524699479341506958e-01
1.461295634508132935e-01
9.748940914869308472e-02
1.298518180847167969e-01
1.642253696918487549e-01
6.472668796777725220e-02
1.324925124645233154e-01
9.740010648965835571e-02
1.761935353279113770e-01
9.715940058231353760e-02
1.300333440303802490e-01
8.224871754646301270e-02
1.284123808145523071e-01
1.350513845682144165e-01
1.170596927404403687e-01
1.055138260126113892e-01
1.634121537208557129e-01
1.139799728989601135e-01
1.027351915836334229e-01
1.394449919462203979e-01
1.464222818613052368e-01
9.699750691652297974e-02
1.549736112356185913e-01
1.456640809774398804e-01
1.561450958251953125e-01
1.352630406618118286e-01
1.695214509963989258e-01
1.456327736377716064e-01
1.215453892946243286e-01
1.232032924890518188e-01
1.343261897563934326e-01
1.254827827215194702e-01
1.358843743801116943e-01
1.840292513370513916e-01
1.717081218957901001e-01
1.400941163301467896e-01
9.787403792142868042e-02
1.682397872209548950e-01
1.174822449684143066e-01
1.218985319137573242e-01
1.665204763412475586e-01
1.351153552532196045e-01
1.299118995666503906e-01
1.331371068954467773e-01
1.245795190334320068e-01
1.070620939135551453e-01
1.406386047601699829e-01
1.320204883813858032e-01
1.376190483570098877e-01
1.365304142236709595e-01
1.357302963733673096e-01
1.236053109169006348e-01
1.505044847726821899e-01
1.069270372390747070e-01
1.319143474102020264e-01
1.033111885190010071e-01
1.295883059501647949e-01
1.334962099790573120e-01
1.193883121013641357e-01
1.311309337615966797e-01
9.791856259107589722e-02
1.345295906066894531e-01
1.182207390666007996e-01
1.287113130092620850e-01
1.106906384229660034e-01
1.340209394693374634e-01
1.645634770393371582e-01
1.312994956970214844e-01
1.041511297225952148e-01
1.662396192550659180e-01
1.341107636690139771e-01
1.176996231079101562e-01
1.368820816278457642e-01
1.662520021200180054e-01
1.178291141986846924e-01
1.535524725914001465e-01
1.271113157272338867e-01
1.688785701990127563e-01
1.234963089227676392e-01
1.106144040822982788e-01
1.318399012088775635e-01
1.027833744883537292e-01
1.518669873476028442e-01
1.439357250928878784e-01
1.500113010406494141e-01
1.081629469990730286e-01
1.128867939114570618e-01
1.079514250159263611e-01
1.229760348796844482e-01
1.123128384351730347e-01
1.436928361654281616e-01
1.301005929708480835e-01
1.204358413815498352e-01
1.181717813014984131e-01
1.112795770168304443e-01
1.066258624196052551e-01
1.300582736730575562e-01
1.682933419942855835e-01
1.380729228258132935e-01
1.515672951936721802e-01
1.205445379018783569e-01
1.312881261110305786e-01
1.099978014826774597e-01
1.308341324329376221e-01
9.683964401483535767e-02
9.084874391555786133e-02
1.588036715984344482e-01
1.825523078441619873e-01
1.217736899852752686e-01
1.187275201082229614e-01
1.316914558410644531e-01
1.181832626461982727e-01
1.141213178634643555e-01
1.422967314720153809e-01
1.373160779476165771e-01
1.730341762304306030e-01
1.494047492742538452e-01
1.221719533205032349e-01
1.569026261568069458e-01
1.055075526237487793e-01
1.308114379644393921e-01
1.411076486110687256e-01
1.045237854123115540e-01
1.528695225715637207e-01
1.376572102308273315e-01
1.265903413295745850e-01
1.344329267740249634e-01
1.115227267146110535e-01
1.461012810468673706e-01
1.287048012018203735e-01
1.287780553102493286e-01
1.703279316425323486e-01
1.961775720119476318e-01
1.970525383949279785e-01
1.111869886517524719e-01
1.201373338699340820e-01
1.364913582801818848e-01
1.428488045930862427e-01
1.367209255695343018e-01
1.278494149446487427e-01
1.330269575119018555e-01
1.135411411523818970e-01
1.496288776397705078e-01
1.225126236677169800e-01
1.212086752057075500e-01
1.536422967910766602e-01
1.253250539302825928e-01
1.524072885513305664e-01
1.341565102338790894e-01
1.182465255260467529e-01
1.424435973167419434e-01
1.067195236682891846e-01
1.338553875684738159e-01
1.385290175676345825e-01
1.668193638324737549e-01
7.585448771715164185e-02
1.176160871982574463e-01
1.296167224645614624e-01
1.376975327730178833e-01
1.326188892126083374e-01
1.413914859294891357e-01
1.444152295589447021e-01
1.523649990558624268e-01
1.269299685955047607e-01
9.925825893878936768e-02
1.361017972230911255e-01
1.358321905136108398e-01
1.521866917610168457e-01
1.471715569496154785e-01
1.455073356628417969e-01
8.668347448110580444e-02
1.289548575878143311e-01
1.297036409378051758e-01
9.799406677484512329e-02
1.433849036693572998e-01
1.358158290386199951e-01
8.054424077272415161e-02
1.092094853520393372e-01
1.594643592834472656e-01
1.042250692844390869e-01
1.439778059720993042e-01
1.564330309629440308e-01
1.406016796827316284e-01
1.139828413724899292e-01
8.911478519439697266e-02
1.146586686372756958e-01
1.126984879374504089e-01
1.137446165084838867e-01
1.297224014997482300e-01
1.128869652748107910e-01
1.425287872552871704e-01
1.374653130769729614e-01
1.024784743785858154e-01
1.825654953718185425e-01
1.450300514698028564e-01
1.721146106719970703e-01
1.379711776971817017e-01
1.175325438380241394e-01
1.284606456756591797e-01
1.220917105674743652e-01
1.205784827470779419e-01
1.449714154005050659e-01
1.189856678247451782e-01
