3.975321650505065918e-01
3.378966748714447021e-01
4.759707152843475342e-01
2.719781100749969482e-01
3.909080326557159424e-01
3.627623319625854492e-01
3.782081604003906250e-01
5.095724463462829590e-01
4.650745987892150879e-01
5.428469181060791016e-01
2.837623357772827148e-01
5.408380031585693359e-01
5.917660593986511230e-01
4.292025268077850342e-01
4.628379940986633301e-01
3.092523217201232910e-01
2.376347184181213379e-01
4.135643541812896729e-01
3.327842354774475098e-01
3.576987683773040771e-01
3.281905353069305420e-01
3.481818437576293945e-01
3.504661917686462402e-01
3.887598216533660889e-01
4.408066272735595703e-01
3.239472508430480957e-01
3.016808331012725830e-01
3.497810065746307373e-01
4.396647810935974121e-01
4.540530443191528320e-01
5.089178681373596191e-01
3.814101517200469971e-01
5.071234107017517090e-01
3.059789240360260010e-01
3.485947847366333008e-01
3.580265939235687256e-01
4.259750843048095703e-01
3.722215890884399414e-01
2.950411140918731689e-01
4.007801413536071777e-01
3.734806180000305176e-01
4.138790965080261230e-01
4.014585316181182861e-01
3.319771885871887207e-01
2.597270905971527100e-01
4.022035598754882812e-01
3.677353858947753906e-01
3.259259164333343506e-01
3.032884597778320312e-01
3.478251993656158447e-01
2.798874974250793457e-01
3.598790764808654785e-01
3.400062918663024902e-01
2.957754135131835938e-01
3.065321743488311768e-01
2.648168802261352539e-01
4.585132598876953125e-01
3.674313127994537354e-01
4.753212928771972656e-01
3.035236001014709473e-01
3.533442318439483643e-01
3.923766314983367920e-01
3.489501774311065674e-01
2.344131022691726685e-01
2.331924438476562500e-01
2.847754061222076416e-01
4.597189426422119141e-01
2.611755430698394775e-01
3.984372615814208984e-01
4.282349646091461182e-01
3.617322146892547607e-01
4.046725630760192871e-01
3.254774212837219238e-01
4.828443229198455811e-01
3.502813279628753662e-01
5.266763567924499512e-01
4.017647802829742432e-01
4.009640216827392578e-01
3.296646475791931152e-01
3.710272610187530518e-01
3.500533401966094971e-01
4.431307315826416016e-01
3.989496231079101562e-01
3.065701127052307129e-01
3.722496330738067627e-01
4.847904443740844727e-01
2.654498517513275146e-01
3.466757833957672119e-01
3.893551826477050781e-01
3.496954739093780518e-01
4.737443029880523682e-01
4.095293581485748291e-01
3.988122045993804932e-01
4.529113173484802246e-01
2.254796326160430908e-01
3.380682766437530518e-01
4.156053066253662109e-01
3.466591238975524902e-01
3.669501543045043945e-01
4.326363205909729004e-01
3.351270258426666260e-01
4.065590202808380127e-01
3.091018497943878174e-01
4.014278650283813477e-01
2.003754228353500366e-01
4.112254381179809570e-01
3.318450152873992920e-01
3.313830494880676270e-01
3.554590046405792236e-01
2.600548863410949707e-01
2.022120058536529541e-01
2.967110872268676758e-01
3.267145454883575439e-01
4.789799451828002930e-01
3.216222524642944336e-01
4.057911038398742676e-01
3.670592308044433594e-01
3.503372073173522949e-01
3.129012882709503174e-01
4.266017675399780273e-01
3.280670344829559326e-01
3.826423585414886475e-01
3.897586762905120850e-01
4.139843583106994629e-01
3.213810324668884277e-01
4.038152396678924561e-01
3.198544681072235107e-01
3.886267840862274170e-01
3.109380602836608887e-01
4.826908707618713379e-01
3.779476583003997803e-01
3.197921216487884521e-01
4.170265793800354004e-01
3.806818127632141113e-01
3.076336681842803955e-01
3.379522562026977539e-01
2.516474127769470215e-01
3.448915481567382812e-01
3.104126453399658203e-01
2.812351882457733154e-01
3.531334698200225830e-01
4.489276111125946045e-01
2.609355449676513672e-01
4.204116463661193848e-01
3.400660455226898193e-01
3.363430500030517578e-01
4.055157005786895752e-01
3.034812808036804199e-01
4.271952211856842041e-01
6.603354215621948242e-01
3.743863105773925781e-01
3.045052587985992432e-01
2.771419882774353027e-01
4.203099906444549561e-01
2.370330691337585449e-01
4.474729001522064209e-01
3.713820278644561768e-01
4.336146414279937744e-01
3.799256682395935059e-01
4.207471013069152832e-01
3.026674985885620117e-01
3.454012274742126465e-01
3.205216526985168457e-01
3.727707564830780029e-01
4.758796393871307373e-01
3.905175626277923584e-01
4.650511443614959717e-01
2.513075172901153564e-01
3.594788610935211182e-01
6.520457863807678223e-01
5.533152222633361816e-01
3.513675034046173096e-01
4.352187216281890869e-01
3.822839856147766113e-01
2.796827256679534912e-01
4.100756645202636719e-01
3.389077484607696533e-01
3.920770287513732910e-01
2.848472893238067627e-01
4.099611341953277588e-01
3.072314560413360596e-01
4.115455150604248047e-01
3.786732852458953857e-01
4.301351904869079590e-01
3.309863209724426270e-01
3.074422478675842285e-01
3.242073655128479004e-01
4.211351275444030762e-01
3.197301030158996582e-01
3.595397770404815674e-01
3.336680531501770020e-01
3.445282280445098877e-01
3.236877024173736572e-01
2.938925325870513916e-01
4.467822909355163574e-01
3.238790333271026611e-01
3.478350639343261719e-01
4.119617044925689697e-01
4.647288322448730469e-01
4.621037840843200684e-01
3.134567141532897949e-01
4.100856482982635498e-01
3.706326782703399658e-01
3.194052875041961670e-01
3.821864128112792969e-01
3.473508358001708984e-01
2.814605534076690674e-01
3.967987895011901855e-01
3.213405311107635498e-01
2.724596858024597168e-01
2.901932299137115479e-01
3.678371310234069824e-01
3.202305436134338379e-01
3.144912123680114746e-01
3.586297929286956787e-01
3.593557178974151611e-01
3.991779088973999023e-01
4.328981637954711914e-01
3.121794462203979492e-01
2.795494198799133301e-01
3.812097311019897461e-01
4.718258678913116455e-01
3.608125746250152588e-01
5.204870104789733887e-01
3.247355222702026367e-01
2.542712986469268799e-01
4.041633009910583496e-01
4.088833332061767578e-01
4.229881763458251953e-01
3.149757385253906250e-01
4.129386842250823975e-01
4.069743752479553223e-01
3.341964185237884521e-01
2.993909716606140137e-01
3.172570168972015381e-01
3.389643132686614990e-01
4.186709225177764893e-01
3.909398317337036133e-01
3.690294921398162842e-01
3.325009047985076904e-01
3.940518796443939209e-01
3.465609550476074219e-01
3.946791291236877441e-01
2.960515320301055908e-01
5.406097769737243652e-01
2.910250723361968994e-01
2.213320583105087280e-01
3.599692881107330322e-01
3.997200727462768555e-01
3.135522007942199707e-01
4.498897790908813477e-01
4.902198314666748047e-01
2.584746778011322021e-01
2.730565369129180908e-01
3.566530048847198486e-01
3.805867731571197510e-01
