7.667689025402069092e-02
3.792066276073455811e-01
-2.712584137916564941e-01
-6.886801123619079590e-02
-2.903750538825988770e-01
1.339444369077682495e-01
-1.740146875381469727e-01
1.710980981588363647e-01
1.395500451326370239e-01
-2.050615102052688599e-01
3.712773323059082031e-01
-1.209292858839035034e-01
2.085463851690292358e-01
-2.330485003767535090e-04
1.096994355320930481e-01
1.756833195686340332e-01
1.148515567183494568e-01
-3.648219704627990723e-01
8.489528894424438477e-01
-4.482212364673614502e-01
-3.321380168199539185e-02
-1.776301264762878418e-01
-4.664242442231625319e-05
-2.293867319822311401e-01
-1.799984485842287540e-03
3.148662149906158447e-01
-6.864080578088760376e-02
-1.019515693187713623e-01
-3.905160129070281982e-01
-1.779920458793640137e-01
-2.048633247613906860e-01
-6.068326160311698914e-02
-1.451499164104461670e-01
-1.142520606517791748e-01
-7.312735915184020996e-02
-1.656747162342071533e-01
-5.321148633956909180e-01
-1.215097308158874512e-01
-1.645637452602386475e-01
9.286765009164810181e-02
-2.618280053138732910e-01
-4.074977338314056396e-01
-5.425745248794555664e-01
4.094910919666290283e-01
8.536624163389205933e-02
-2.163827121257781982e-01
-1.678691208362579346e-01
2.654018998146057129e-01
2.487793006002902985e-02
-1.935787349939346313e-01
-3.216394782066345215e-02
-2.920480370521545410e-01
-1.897161900997161865e-01
1.771390438079833984e-02
-6.182745099067687988e-01
-4.444364905357360840e-01
-1.996704936027526855e-01
1.121103838086128235e-01
3.512149155139923096e-01
3.310161530971527100e-01
-2.722277045249938965e-01
1.229041144251823425e-01
1.464141607284545898e-01
3.786407709121704102e-01
