-8.794998750090599060e-03
-6.485249381512403488e-03
-3.318675756454467773e-01
-7.171848416328430176e-01
-1.612438857555389404e-01
1.863673478364944458e-01
-9.208915829658508301e-01
-6.328683495521545410e-01
1.630952656269073486e-01
-3.935229480266571045e-01
-2.751860916614532471e-01
2.118661999702453613e-01
3.389156460762023926e-01
-7.656054943799972534e-02
-1.232932135462760925e-01
-3.299092352390289307e-01
6.318290829658508301e-01
3.612150847911834717e-01
-1.597608625888824463e-01
-2.914898097515106201e-01
-5.673776268959045410e-01
-2.868869602680206299e-01
-4.157359600067138672e-01
-2.886298000812530518e-01
3.032119013369083405e-02
-4.959098398685455322e-01
-1.823297441005706787e-01
3.935300186276435852e-02
2.791963145136833191e-02
-3.551203310489654541e-01
2.705610394477844238e-01
-1.293682903051376343e-01
-3.491548895835876465e-01
-3.900025188922882080e-01
4.882324114441871643e-02
-1.480690538883209229e-01
-8.876349776983261108e-02
2.844498455524444580e-01
-2.827062606811523438e-01
1.440884172916412354e-01
-2.597168982028961182e-01
1.648283749818801880e-01
-1.757566928863525391e-01
-1.145261526107788086e-01
-3.794023990631103516e-01
-5.135793685913085938e-01
3.555202782154083252e-01
-4.523230195045471191e-01
-5.099334940314292908e-02
-1.428840402513742447e-02
-7.205606997013092041e-02
-2.278956174850463867e-01
5.200556293129920959e-02
-6.700307130813598633e-01
-8.497793972492218018e-02
-1.746558099985122681e-01
-1.915505714714527130e-02
-2.816279232501983643e-01
-5.482328534126281738e-01
-1.514577213674783707e-02
-3.776053786277770996e-01
1.470963805913925171e-01
-2.271445542573928833e-01
-2.411954402923583984e-01
-1.678404361009597778e-01
-3.405942320823669434e-01
-3.121391236782073975e-01
-1.345881223678588867e-01
-6.727325916290283203e-02
-1.826108545064926147e-01
3.530172407627105713e-01
-2.231644690036773682e-01
-3.881342336535453796e-02
-4.817005246877670288e-02
-5.076848268508911133e-01
-4.522250592708587646e-02
5.685331821441650391e-01
3.707755208015441895e-01
-4.368335604667663574e-01
3.727297186851501465e-01
-1.950580924749374390e-01
5.391280632466077805e-03
3.147265017032623291e-01
2.897219061851501465e-01
8.010758459568023682e-02
2.341322600841522217e-01
-2.736369967460632324e-01
2.301211841404438019e-02
-6.115210652351379395e-01
4.014584422111511230e-01
5.893976241350173950e-02
1.032717376947402954e-01
-8.632778376340866089e-02
-3.303617835044860840e-01
1.973090171813964844e-01
9.350132942199707031e-01
1.763081252574920654e-01
-2.685712873935699463e-01
2.308915555477142334e-02
1.815154850482940674e-01
-5.902723073959350586e-01
2.979899346828460693e-01
4.732275754213333130e-02
-5.873396396636962891e-01
-2.328451126813888550e-01
3.878346085548400879e-01
2.945190966129302979e-01
7.295871973037719727e-01
3.457309305667877197e-01
-3.654426634311676025e-01
-2.908120155334472656e-01
2.395244985818862915e-01
-4.134897291660308838e-01
-9.473599493503570557e-02
-2.898834943771362305e-01
-5.612324476242065430e-01
-3.988208994269371033e-02
1.391709037125110626e-02
-1.063207387924194336e-01
2.860934734344482422e-01
-1.905870810151100159e-02
-9.727959334850311279e-02
-1.581537425518035889e-01
-1.541776349768042564e-03
1.117953658103942871e-02
1.645981967449188232e-01
-2.743275165557861328e-01
-7.546213269233703613e-02
