1.928089112043380737e-01
2.137690633535385132e-01
1.178556233644485474e-01
2.061726450920104980e-01
2.360870987176895142e-01
1.052260175347328186e-01
2.039089351892471313e-01
1.589974910020828247e-01
1.676116138696670532e-01
1.377675086259841919e-01
1.872264742851257324e-01
1.676300168037414551e-01
2.346028536558151245e-01
1.288259327411651611e-01
1.430551260709762573e-01
2.308295220136642456e-01
1.575035601854324341e-01
1.267970204353332520e-01
1.664465367794036865e-01
1.266217678785324097e-01
1.657047867774963379e-01
1.486232429742813110e-01
1.685560792684555054e-01
1.825945079326629639e-01
2.043866068124771118e-01
1.200547218322753906e-01
1.557061672210693359e-01
2.338389903306961060e-01
2.596244812011718750e-01
1.581685543060302734e-01
2.603983283042907715e-01
1.997277140617370605e-01
1.670791059732437134e-01
1.280273348093032837e-01
1.762408912181854248e-01
1.888793557882308960e-01
1.467037051916122437e-01
1.601781994104385376e-01
1.381374597549438477e-01
1.597484797239303589e-01
1.270371824502944946e-01
1.275467276573181152e-01
1.740964651107788086e-01
1.428722143173217773e-01
1.392598599195480347e-01
1.954883486032485962e-01
1.638721078634262085e-01
1.110861003398895264e-01
2.168297171592712402e-01
1.565226465463638306e-01
1.932425498962402344e-01
2.148761004209518433e-01
1.711626201868057251e-01
2.042634338140487671e-01
1.959147900342941284e-01
2.193958461284637451e-01
1.863822191953659058e-01
1.350448429584503174e-01
1.936074942350387573e-01
1.239898651838302612e-01
2.322289645671844482e-01
1.596565842628479004e-01
1.384858936071395874e-01
1.866605877876281738e-01
1.315053850412368774e-01
2.055200785398483276e-01
1.819949299097061157e-01
1.881262809038162231e-01
1.745952367782592773e-01
1.436487138271331787e-01
1.619864106178283691e-01
1.203919723629951477e-01
1.487154364585876465e-01
1.405106633901596069e-01
1.625464707612991333e-01
1.361866891384124756e-01
2.025532126426696777e-01
1.428143531084060669e-01
1.145989894866943359e-01
1.594680398702621460e-01
1.480889916419982910e-01
1.834093034267425537e-01
2.101403474807739258e-01
1.617522537708282471e-01
1.476309895515441895e-01
1.483901590108871460e-01
1.637214422225952148e-01
1.319808661937713623e-01
2.523793876171112061e-01
1.133055612444877625e-01
1.222498491406440735e-01
1.413332223892211914e-01
2.657804787158966064e-01
1.323967725038528442e-01
1.313972026109695435e-01
1.748213469982147217e-01
1.827635169029235840e-01
1.607986688613891602e-01
1.529201418161392212e-01
1.317470967769622803e-01
1.417604237794876099e-01
1.164445355534553528e-01
1.959727108478546143e-01
1.632679849863052368e-01
1.558006554841995239e-01
2.653419077396392822e-01
1.810970008373260498e-01
1.397451162338256836e-01
1.778453886508941650e-01
2.132617831230163574e-01
2.069443613290786743e-01
1.471013873815536499e-01
1.795759052038192749e-01
1.607667952775955200e-01
1.154038310050964355e-01
2.072010934352874756e-01
1.442418843507766724e-01
1.519894003868103027e-01
2.200889885425567627e-01
1.544873416423797607e-01
1.836428493261337280e-01
1.693263202905654907e-01
1.353885978460311890e-01
1.721919625997543335e-01
1.594143360853195190e-01
1.658508032560348511e-01
2.472753971815109253e-01
1.733477562665939331e-01
