2.221392244100570679e-01
2.387783080339431763e-01
2.102432399988174438e-01
3.053902685642242432e-01
2.032147347927093506e-01
2.115726768970489502e-01
2.150632292032241821e-01
3.030854463577270508e-01
2.515780627727508545e-01
2.632999718189239502e-01
1.909565031528472900e-01
2.134508639574050903e-01
2.607619762420654297e-01
2.220617532730102539e-01
2.664697170257568359e-01
2.413998991250991821e-01
2.456590086221694946e-01
2.123759984970092773e-01
2.236122190952301025e-01
2.327163368463516235e-01
2.731276750564575195e-01
2.207798361778259277e-01
2.284455597400665283e-01
1.956332623958587646e-01
2.318585813045501709e-01
2.112275660037994385e-01
2.839717268943786621e-01
2.516486942768096924e-01
2.760832011699676514e-01
2.701891660690307617e-01
2.431394308805465698e-01
2.599290013313293457e-01
2.283482104539871216e-01
2.250735163688659668e-01
2.156019955873489380e-01
2.610301971435546875e-01
2.546571493148803711e-01
2.501670122146606445e-01
2.138471454381942749e-01
2.740737199783325195e-01
2.083302438259124756e-01
1.978349089622497559e-01
1.917095780372619629e-01
3.147957324981689453e-01
1.998482942581176758e-01
2.171495258808135986e-01
1.944000124931335449e-01
2.219406515359878540e-01
2.447068542242050171e-01
2.049465179443359375e-01
2.393257021903991699e-01
2.281888574361801147e-01
1.833307892084121704e-01
2.831563949584960938e-01
2.108025252819061279e-01
2.605270147323608398e-01
2.516696751117706299e-01
2.494273930788040161e-01
2.057636976242065430e-01
2.258949428796768188e-01
2.619599699974060059e-01
1.747344136238098145e-01
2.099453210830688477e-01
2.891570329666137695e-01
2.637722194194793701e-01
2.735797762870788574e-01
2.006853669881820679e-01
2.612780630588531494e-01
2.376332432031631470e-01
2.663743495941162109e-01
2.479985803365707397e-01
2.705323398113250732e-01
2.320110052824020386e-01
1.821553558111190796e-01
2.369016557931900024e-01
1.965069770812988281e-01
2.113088965415954590e-01
1.950325965881347656e-01
2.254875600337982178e-01
2.496705204248428345e-01
3.011327385902404785e-01
2.560208737850189209e-01
1.820940524339675903e-01
1.886964440345764160e-01
2.344358414411544800e-01
2.886901795864105225e-01
2.963745296001434326e-01
2.571918070316314697e-01
1.989234089851379395e-01
2.503512799739837646e-01
1.861878931522369385e-01
2.815322279930114746e-01
2.319012880325317383e-01
2.452939301729202271e-01
2.093711048364639282e-01
2.730033397674560547e-01
2.322123646736145020e-01
2.638872861862182617e-01
2.437908053398132324e-01
2.428561598062515259e-01
2.678154706954956055e-01
2.504315674304962158e-01
2.008547782897949219e-01
2.233739197254180908e-01
2.582010924816131592e-01
2.667359113693237305e-01
2.901723682880401611e-01
2.875142693519592285e-01
1.872370094060897827e-01
2.847691178321838379e-01
2.888798415660858154e-01
3.119041919708251953e-01
2.147654592990875244e-01
2.705021798610687256e-01
2.928667664527893066e-01
2.225504070520401001e-01
3.136405646800994873e-01
2.384545207023620605e-01
1.990217268466949463e-01
2.737019360065460205e-01
2.268980592489242554e-01
2.111855596303939819e-01
2.214285582304000854e-01
3.234609067440032959e-01
2.687402069568634033e-01
2.920260131359100342e-01
2.855955064296722412e-01
2.474981248378753662e-01
2.591828405857086182e-01
2.308995872735977173e-01
2.984897494316101074e-01
2.443691790103912354e-01
2.505974173545837402e-01
2.340057641267776489e-01
3.436215519905090332e-01
2.441412508487701416e-01
2.315221130847930908e-01
2.032387405633926392e-01
2.016987353563308716e-01
2.281127572059631348e-01
2.689507007598876953e-01
2.049841582775115967e-01
2.392422109842300415e-01
2.109629809856414795e-01
2.615672647953033447e-01
2.457703799009323120e-01
2.432737350463867188e-01
2.295221239328384399e-01
2.376395165920257568e-01
2.267595678567886353e-01
1.843086630105972290e-01
2.048073709011077881e-01
2.064840644598007202e-01
2.455630898475646973e-01
2.752927839756011963e-01
2.111561745405197144e-01
2.671763002872467041e-01
2.573828697204589844e-01
2.501473724842071533e-01
2.467257082462310791e-01
2.774871289730072021e-01
3.011925518512725830e-01
2.616755962371826172e-01
2.379925549030303955e-01
2.262692600488662720e-01
2.016738504171371460e-01
2.520813345909118652e-01
2.418372035026550293e-01
2.354608476161956787e-01
2.454014569520950317e-01
2.602797448635101318e-01
2.338566333055496216e-01
2.780639231204986572e-01
2.020789533853530884e-01
2.485350221395492554e-01
2.011000514030456543e-01
2.972790300846099854e-01
3.456522524356842041e-01
2.507666647434234619e-01
2.303651124238967896e-01
2.655079960823059082e-01
2.947790622711181641e-01
2.457133978605270386e-01
2.214465141296386719e-01
2.610861659049987793e-01
1.817511320114135742e-01
2.534901797771453857e-01
2.216133326292037964e-01
2.432964742183685303e-01
2.786891758441925049e-01
2.608490288257598877e-01
1.971983760595321655e-01
2.128154039382934570e-01
2.031666487455368042e-01
3.510147631168365479e-01
2.523066401481628418e-01
2.728363871574401855e-01
2.670579254627227783e-01
2.330870926380157471e-01
2.565696537494659424e-01
1.970386654138565063e-01
2.675416469573974609e-01
2.108243107795715332e-01
3.342456221580505371e-01
2.659829556941986084e-01
1.939193606376647949e-01
2.315134853124618530e-01
2.202480733394622803e-01
2.070000469684600830e-01
2.250025272369384766e-01
2.672201693058013916e-01
2.834376096725463867e-01
2.251857966184616089e-01
2.214110493659973145e-01
2.191061973571777344e-01
2.955710887908935547e-01
3.053729236125946045e-01
3.118847906589508057e-01
2.457324713468551636e-01
2.167560607194900513e-01
2.278851270675659180e-01
3.008511364459991455e-01
2.421861141920089722e-01
2.129437476396560669e-01
2.689092159271240234e-01
2.342151254415512085e-01
1.811114698648452759e-01
2.627679407596588135e-01
2.586109042167663574e-01
2.696619927883148193e-01
2.142168432474136353e-01
3.238395750522613525e-01
2.288071811199188232e-01
2.911385893821716309e-01
2.676346600055694580e-01
1.988254338502883911e-01
2.662859857082366943e-01
2.331428825855255127e-01
3.086866140365600586e-01
2.187519520521163940e-01
2.676696181297302246e-01
2.611427009105682373e-01
2.721208631992340088e-01
2.211168855428695679e-01
2.123914062976837158e-01
1.743190288543701172e-01
2.438631504774093628e-01
3.209545612335205078e-01
2.428957670927047729e-01
2.132612764835357666e-01
2.685985565185546875e-01
2.277115434408187866e-01
2.198281437158584595e-01
2.163789719343185425e-01
2.077732980251312256e-01
2.944434881210327148e-01
2.815128266811370850e-01
2.679268419742584229e-01
2.559026181697845459e-01
2.310463637113571167e-01
2.287843376398086548e-01
2.643003463745117188e-01
2.288134992122650146e-01
2.881228327751159668e-01
2.129758298397064209e-01
2.132139950990676880e-01
2.603852748870849609e-01
2.783905565738677979e-01
2.290723621845245361e-01
2.087662667036056519e-01
2.167001068592071533e-01
2.298741340637207031e-01
2.355724126100540161e-01
2.424212098121643066e-01
1.902025341987609863e-01
2.530170381069183350e-01
2.695278823375701904e-01
2.280737459659576416e-01
2.064429968595504761e-01
2.574077248573303223e-01
2.713136672973632812e-01
2.427967041730880737e-01
2.517700791358947754e-01
2.263915836811065674e-01
2.894361019134521484e-01
2.509772479534149170e-01
2.280915677547454834e-01
2.145660817623138428e-01
2.016146630048751831e-01
2.451942265033721924e-01
2.849767208099365234e-01
3.107891082763671875e-01
2.468401342630386353e-01
1.930185705423355103e-01
2.666915655136108398e-01
2.084609866142272949e-01
2.214600145816802979e-01
2.148876190185546875e-01
3.211943507194519043e-01
1.730032563209533691e-01
2.253649085760116577e-01
2.779524922370910645e-01
2.256611138582229614e-01
2.452988773584365845e-01
2.757443785667419434e-01
2.701669335365295410e-01
2.395594418048858643e-01
2.611663341522216797e-01
1.986447721719741821e-01
1.995269507169723511e-01
2.002462744712829590e-01
2.124023884534835815e-01
2.217322140932083130e-01
2.183790802955627441e-01
2.514470517635345459e-01
2.497881948947906494e-01
2.090341001749038696e-01
2.654109001159667969e-01
2.009290605783462524e-01
2.333017587661743164e-01
2.583825290203094482e-01
2.978571057319641113e-01
2.493195533752441406e-01
3.229543566703796387e-01
1.996332854032516479e-01
1.947775632143020630e-01
2.878161668777465820e-01
2.568143606185913086e-01
2.637486159801483154e-01
2.662919759750366211e-01
2.527207732200622559e-01
2.822781503200531006e-01
2.947871685028076172e-01
2.412550598382949829e-01
2.004240602254867554e-01
2.169674038887023926e-01
2.304322570562362671e-01
2.620222270488739014e-01
2.456923276185989380e-01
2.359357774257659912e-01
2.675932347774505615e-01
2.972528934478759766e-01
2.417756915092468262e-01
2.868493497371673584e-01
2.109503597021102905e-01
2.086990177631378174e-01
3.012834191322326660e-01
2.761696577072143555e-01
2.399386763572692871e-01
2.468813359737396240e-01
2.993488013744354248e-01
3.239970505237579346e-01
2.360184937715530396e-01
2.387731671333312988e-01
2.142988145351409912e-01
2.789534628391265869e-01
2.242119908332824707e-01
2.211116850376129150e-01
2.317171096801757812e-01
3.076788783073425293e-01
2.658182680606842041e-01
2.516575753688812256e-01
3.044432401657104492e-01
2.011726647615432739e-01
2.295790463685989380e-01
2.124224305152893066e-01
3.204739391803741455e-01
2.391624301671981812e-01
1.738819926977157593e-01
2.117154002189636230e-01
2.563237845897674561e-01
2.946785390377044678e-01
2.369434088468551636e-01
2.313243448734283447e-01
2.533678114414215088e-01
2.555502355098724365e-01
2.114475965499877930e-01
2.078465819358825684e-01
2.448805868625640869e-01
2.769647836685180664e-01
2.318371832370758057e-01
2.601255476474761963e-01
2.609086036682128906e-01
3.169598281383514404e-01
2.381249815225601196e-01
2.903506159782409668e-01
2.160484045743942261e-01
2.467499524354934692e-01
2.392307966947555542e-01
1.746773570775985718e-01
2.762155532836914062e-01
2.426536232233047485e-01
3.362711369991302490e-01
3.405176103115081787e-01
3.048393726348876953e-01
2.669521272182464600e-01
2.198998630046844482e-01
2.347593456506729126e-01
2.408761531114578247e-01
2.600418925285339355e-01
2.631833255290985107e-01
2.683838605880737305e-01
2.362409383058547974e-01
2.316211313009262085e-01
2.301506251096725464e-01
2.869388461112976074e-01
2.362627387046813965e-01
2.515636086463928223e-01
2.477936595678329468e-01
2.816545069217681885e-01
2.067903429269790649e-01
2.880170345306396484e-01
2.880532741546630859e-01
2.376069575548171997e-01
2.519055604934692383e-01
2.535121738910675049e-01
3.495870530605316162e-01
1.959294527769088745e-01
2.364270091056823730e-01
2.837726473808288574e-01
2.005853205919265747e-01
2.496688067913055420e-01
2.912528216838836670e-01
2.361931949853897095e-01
3.016323745250701904e-01
2.543704807758331299e-01
1.886819452047348022e-01
2.851855456829071045e-01
2.311464101076126099e-01
2.143726944923400879e-01
2.489719092845916748e-01
2.927753329277038574e-01
2.357183247804641724e-01
2.470897883176803589e-01
2.366836816072463989e-01
2.609525322914123535e-01
2.798950374126434326e-01
2.766590118408203125e-01
2.763913273811340332e-01
2.228869795799255371e-01
1.931130290031433105e-01
2.146069258451461792e-01
2.281543016433715820e-01
2.576108574867248535e-01
2.161845117807388306e-01
3.190754652023315430e-01
2.605590224266052246e-01
2.809455096721649170e-01
2.292314618825912476e-01
2.885038256645202637e-01
2.132134437561035156e-01
2.638790905475616455e-01
2.242456525564193726e-01
2.329118996858596802e-01
2.107003927230834961e-01
2.171861231327056885e-01
2.716267704963684082e-01
2.395144999027252197e-01
2.247976958751678467e-01
2.595306932926177979e-01
2.173702865839004517e-01
2.364463657140731812e-01
2.451775074005126953e-01
2.940725982189178467e-01
3.093249797821044922e-01
1.926288604736328125e-01
2.605747878551483154e-01
2.333537936210632324e-01
1.933147460222244263e-01
2.377783805131912231e-01
2.832063436508178711e-01
2.056896090507507324e-01
2.036534100770950317e-01
2.811238169670104980e-01
2.197456657886505127e-01
1.793716251850128174e-01
3.104335069656372070e-01
2.671033442020416260e-01
2.752168476581573486e-01
2.478614747524261475e-01
2.199539542198181152e-01
2.141309529542922974e-01
3.134801983833312988e-01
2.340374737977981567e-01
2.320566028356552124e-01
2.103189975023269653e-01
2.672166228294372559e-01
2.471471726894378662e-01
2.769054174423217773e-01
2.652534544467926025e-01
3.710814118385314941e-01
2.904434502124786377e-01
2.351803779602050781e-01
1.801370978355407715e-01
2.724049091339111328e-01
2.714588642120361328e-01
2.478657066822052002e-01
2.193713337182998657e-01
3.002114593982696533e-01
2.349493801593780518e-01
2.043692469596862793e-01
2.595366537570953369e-01
2.235585898160934448e-01
2.957507967948913574e-01
2.506283223628997803e-01
2.161069214344024658e-01
2.604576051235198975e-01
2.103949338197708130e-01
2.359581142663955688e-01
3.120518028736114502e-01
2.598921060562133789e-01
1.913824379444122314e-01
