-1.355108916759490967e-01
3.902647197246551514e-01
-1.214156299829483032e-01
-1.288745999336242676e-01
4.971279501914978027e-01
1.969814896583557129e-01
3.115197122097015381e-01
-2.327543497085571289e-01
-7.483132928609848022e-02
-2.209282815456390381e-01
6.743799895048141479e-02
1.831684708595275879e-01
6.267198175191879272e-02
3.193129301071166992e-01
5.230346322059631348e-01
-3.769096136093139648e-01
8.644361793994903564e-02
1.775180995464324951e-01
-3.260153234004974365e-01
4.190508276224136353e-02
-1.601298451423645020e-01
6.112751960754394531e-01
2.782409489154815674e-01
3.169153630733489990e-02
1.632628887891769409e-01
4.511310458183288574e-01
7.126193046569824219e-01
1.898700743913650513e-01
-1.328161656856536865e-01
-3.780722320079803467e-01
8.046351075172424316e-01
-1.088793426752090454e-01
2.043979614973068237e-01
8.323087692260742188e-01
6.967753171920776367e-01
-1.437668409198522568e-02
4.608051776885986328e-01
2.178770899772644043e-01
1.665847450494766235e-01
8.423848152160644531e-01
2.663064301013946533e-01
-2.619989812374114990e-01
2.710300981998443604e-01
-1.451787073165178299e-02
7.182536274194717407e-02
-1.178025305271148682e-01
8.863667249679565430e-01
2.685282230377197266e-01
-4.925866052508354187e-02
3.107188940048217773e-01
3.702300488948822021e-01
3.404265269637107849e-02
7.000626623630523682e-02
3.657106459140777588e-01
4.200696945190429688e-02
4.431720450520515442e-02
5.785884857177734375e-01
1.400412619113922119e-01
6.345537304878234863e-01
-7.596980780363082886e-02
-5.895678997039794922e-01
-8.666619658470153809e-02
2.719268500804901123e-01
3.615457415580749512e-01
8.391204476356506348e-02
-1.394878956489264965e-03
2.964459359645843506e-01
-1.646015234291553497e-02
-1.787861287593841553e-01
3.736540675163269043e-01
2.513649687170982361e-02
-1.770923472940921783e-02
7.883906364440917969e-02
-1.152886301279067993e-01
-1.934520900249481201e-01
3.031178116798400879e-01
2.749254554510116577e-02
1.130857244133949280e-01
-1.518820226192474365e-02
1.440020501613616943e-01
-8.480149321258068085e-03
2.515140771865844727e-01
4.969044327735900879e-01
1.335870772600173950e-01
5.719755217432975769e-02
-1.065265014767646790e-01
1.364098787307739258e-01
3.484854102134704590e-01
2.752424776554107666e-01
2.101463228464126587e-01
3.714736104011535645e-01
3.283230960369110107e-01
3.195776045322418213e-01
4.522826895117759705e-02
3.661928176879882812e-01
-6.228737831115722656e-01
-2.324665039777755737e-01
-1.561967134475708008e-01
-1.443462818861007690e-01
5.344442725181579590e-01
-3.598739206790924072e-01
6.573055386543273926e-01
4.466844201087951660e-01
-7.366674020886421204e-03
-2.774186134338378906e-01
1.732631772756576538e-02
-3.264232352375984192e-02
3.402004837989807129e-01
5.990650132298469543e-02
-1.041968837380409241e-01
1.554202437400817871e-01
2.159839272499084473e-01
-1.733863502740859985e-01
5.040255784988403320e-01
-3.883829414844512939e-01
6.127206087112426758e-01
-2.711040079593658447e-01
9.434550255537033081e-02
5.817766189575195312e-01
-4.744735360145568848e-01
-2.158902734518051147e-01
-8.015962690114974976e-02
3.714018464088439941e-01
4.844095706939697266e-01
1.716059148311614990e-01
1.135625876486301422e-02
1.591792553663253784e-01
2.388072460889816284e-01
2.904704213142395020e-01
1.937766373157501221e-01
1.534940451383590698e-01
2.704688310623168945e-01
-4.326784610748291016e-01
1.656177043914794922e-01
3.400273919105529785e-01
-2.520613670349121094e-01
2.303365170955657959e-01
-5.511689186096191406e-01
1.508841365575790405e-01
4.454806745052337646e-01
-2.672981321811676025e-01
2.520475685596466064e-01
-2.674970403313636780e-02
3.351732194423675537e-01
5.079460740089416504e-01
-3.864401578903198242e-01
2.314148247241973877e-01
2.838342189788818359e-01
4.283147454261779785e-01
-3.989981412887573242e-01
1.543462574481964111e-01
-3.433540835976600647e-02
7.557076960802078247e-02
3.873313069343566895e-01
8.942898362874984741e-02
-2.244722396135330200e-01
4.719397723674774170e-01
4.152087569236755371e-01
7.150188088417053223e-01
9.595417976379394531e-02
5.867192745208740234e-01
2.676081657409667969e-01
-6.331321317702531815e-03
8.624307811260223389e-02
-2.135864943265914917e-01
2.970370352268218994e-01
1.853200942277908325e-01
-2.757586538791656494e-01
-2.370502352714538574e-01
-7.817751169204711914e-02
2.003588974475860596e-01
2.854538261890411377e-01
2.423387467861175537e-01
5.696071982383728027e-01
-2.509790100157260895e-02
1.103306412696838379e-01
6.499572992324829102e-01
1.597811132669448853e-01
-1.262989640235900879e-01
2.195584028959274292e-01
3.707997202873229980e-01
6.358992541208863258e-04
5.904608592391014099e-02
-1.363395005464553833e-01
3.760792911052703857e-01
5.741458013653755188e-02
2.750978767871856689e-01
1.851920634508132935e-01
-1.213686764240264893e-01
6.093651652336120605e-01
5.353645086288452148e-01
1.245757862925529480e-01
-7.044030725955963135e-02
1.627392023801803589e-01
1.458377540111541748e-01
6.224402040243148804e-02
3.206860423088073730e-01
1.483177840709686279e-01
9.680015444755554199e-01
-3.467182815074920654e-02
-1.223362162709236145e-01
2.250401377677917480e-01
-4.211042076349258423e-02
3.166083395481109619e-01
-2.689590156078338623e-01
4.093044996261596680e-01
-6.824394222348928452e-03
1.561130881309509277e-01
4.536376297473907471e-01
5.446783825755119324e-02
1.041713058948516846e-01
2.974941134452819824e-01
2.696458399295806885e-01
-1.950879544019699097e-01
-5.235597491264343262e-01
4.480397701263427734e-02
4.768442362546920776e-03
-3.535440862178802490e-01
4.668159186840057373e-01
1.610524952411651611e-01
3.939030468463897705e-01
3.252639621496200562e-02
4.466570913791656494e-01
1.001194044947624207e-01
3.445364534854888916e-01
3.250589370727539062e-01
-6.860836148262023926e-01
2.013091929256916046e-02
4.071138203144073486e-01
3.355614244937896729e-01
1.068105995655059814e-01
8.455029129981994629e-01
5.413515567779541016e-01
2.662052810192108154e-01
4.802399873733520508e-01
-1.987679302692413330e-01
-4.390558004379272461e-01
1.450389474630355835e-01
4.124024808406829834e-01
-4.534981548786163330e-01
1.148880273103713989e-01
2.355334162712097168e-01
4.470013082027435303e-01
-2.994315326213836670e-01
1.326274275779724121e-01
2.764042019844055176e-01
-2.279546111822128296e-01
2.606656551361083984e-01
-1.724026501178741455e-01
5.601440668106079102e-01
1.023845598101615906e-01
2.571589052677154541e-01
6.802321076393127441e-01
4.012334346771240234e-01
-7.094697356224060059e-01
1.332972198724746704e-01
7.635041326284408569e-02
8.052552938461303711e-01
-3.978129625320434570e-01
1.788002066314220428e-02
2.921351790428161621e-01
-2.645891606807708740e-01
1.679640561342239380e-01
1.902874410152435303e-01
1.182630956172943115e-01
-2.498575747013092041e-01
1.956086307764053345e-01
7.461214661598205566e-01
-2.477142810821533203e-01
4.202848672866821289e-01
5.238500833511352539e-01
-1.493898481130599976e-01
-1.772194355726242065e-02
4.502198994159698486e-01
-2.393461763858795166e-01
4.161138087511062622e-02
-1.089506745338439941e-01
1.682913303375244141e-01
1.382952183485031128e-01
5.521432161331176758e-01
4.487008154392242432e-01
4.615818560123443604e-01
-9.100433439016342163e-02
2.938790321350097656e-01
-4.844010770320892334e-01
2.914438545703887939e-01
-3.310783803462982178e-01
7.437562942504882812e-02
1.168246120214462280e-01
1.085784882307052612e-01
2.168137580156326294e-01
-3.844845592975616455e-01
5.248525738716125488e-01
8.648749440908432007e-02
2.057285457849502563e-01
-1.996303945779800415e-01
2.766057848930358887e-01
9.315073490142822266e-03
5.244216918945312500e-01
1.774601042270660400e-01
2.280945330858230591e-01
1.394215822219848633e-01
2.052414417266845703e-01
4.668232500553131104e-01
2.794593274593353271e-01
4.991356134414672852e-01
2.971621155738830566e-01
5.248985290527343750e-01
-2.814487218856811523e-01
1.011832877993583679e-01
2.591055631637573242e-01
-2.730378508567810059e-01
3.022688031196594238e-01
6.872327923774719238e-01
-9.739415645599365234e-01
-1.165775135159492493e-01
-5.484428405761718750e-01
2.274509221315383911e-01
-3.972857594490051270e-01
-5.409034341573715210e-02
-8.049644231796264648e-01
3.106684684753417969e-01
1.508207321166992188e-01
-5.616755783557891846e-02
-3.076527416706085205e-01
3.928660154342651367e-01
2.019249349832534790e-01
7.505018115043640137e-01
7.516674231737852097e-03
6.015020012855529785e-01
-9.329500049352645874e-02
1.952587068080902100e-01
3.562828600406646729e-01
4.223442077636718750e-01
1.682252883911132812e-01
-3.626205027103424072e-03
-1.136562377214431763e-01
4.075396955013275146e-01
1.067635416984558105e-01
8.351317644119262695e-01
1.406626254320144653e-01
5.924102663993835449e-01
2.051955759525299072e-01
1.902701407670974731e-01
6.141042336821556091e-02
-4.873302299529314041e-03
3.099431991577148438e-01
2.994187474250793457e-01
1.031947135925292969e-01
4.396289288997650146e-01
3.223925828933715820e-01
4.720720052719116211e-01
1.769378036260604858e-01
5.644649267196655273e-01
7.329628616571426392e-02
1.826961487531661987e-01
-7.984338328242301941e-03
2.871415577828884125e-03
2.853200435638427734e-01
5.098980069160461426e-01
5.917902588844299316e-01
1.012645140290260315e-01
4.695195853710174561e-01
6.303148269653320312e-01
-1.798747181892395020e-01
1.863906383514404297e-01
4.629226922988891602e-01
3.633402585983276367e-01
2.858201265335083008e-01
-2.796101868152618408e-01
4.263337850570678711e-01
2.513653934001922607e-01
5.558054447174072266e-01
3.823151439428329468e-02
2.834194898605346680e-01
6.279797106981277466e-02
7.136291265487670898e-02
1.318965703248977661e-01
3.625377640128135681e-02
2.195162475109100342e-01
3.328279852867126465e-01
-3.902161121368408203e-02
6.663851737976074219e-01
6.393103003501892090e-01
1.373717337846755981e-01
2.114877104759216309e-01
2.300721257925033569e-01
1.867655962705612183e-01
7.307413816452026367e-01
3.647583127021789551e-01
-1.280977278947830200e-01
1.038488894701004028e-01
1.855887919664382935e-01
-1.935055553913116455e-01
-2.734177708625793457e-01
-4.052752256393432617e-02
2.522754371166229248e-01
2.191027812659740448e-02
3.596541285514831543e-02
2.436485290527343750e-01
1.828571259975433350e-01
-2.013412863016128540e-01
-1.225577071309089661e-01
5.544600486755371094e-01
3.355718255043029785e-01
3.790593445301055908e-01
4.026987552642822266e-01
4.819853603839874268e-01
3.360751867294311523e-01
4.302523732185363770e-01
-2.067519575357437134e-01
-2.318348139524459839e-01
4.860639572143554688e-01
-2.016206085681915283e-01
-6.639245748519897461e-01
1.915360391139984131e-01
3.583911657333374023e-01
-1.363919973373413086e-01
2.070517241954803467e-01
8.566405624151229858e-02
4.993434846401214600e-01
-4.169921576976776123e-01
3.108125329017639160e-01
5.707681179046630859e-01
1.468670964241027832e-01
-4.463570937514305115e-02
3.755370676517486572e-01
-1.552997082471847534e-01
-1.788361668586730957e-01
3.641009330749511719e-01
2.504617869853973389e-01
-5.725482702255249023e-01
3.990817964076995850e-01
5.913371443748474121e-01
-2.016703486442565918e-01
3.347703516483306885e-01
-8.863559365272521973e-02
3.538878262042999268e-01
3.664322495460510254e-01
6.341791152954101562e-01
1.315539181232452393e-01
2.580455541610717773e-01
4.449335336685180664e-01
-4.320168197154998779e-01
9.623521566390991211e-01
3.185362815856933594e-01
1.393164992332458496e-01
6.737370491027832031e-01
6.634999811649322510e-02
1.130645275115966797e-01
3.563193976879119873e-01
-1.273929476737976074e-01
1.406364887952804565e-01
-6.113021448254585266e-02
-9.981056302785873413e-02
6.817862391471862793e-01
2.594828605651855469e-01
5.712631940841674805e-01
3.708763718605041504e-01
-3.053866885602474213e-02
6.578085422515869141e-01
-2.541621215641498566e-02
-1.575518697500228882e-01
1.735569834709167480e-01
-9.529864788055419922e-01
-1.226909682154655457e-01
3.388122916221618652e-01
5.927286669611930847e-02
-8.184231817722320557e-02
1.199937686324119568e-01
2.844152152538299561e-01
-3.459803014993667603e-02
-9.696725755929946899e-03
-2.717801630496978760e-01
9.284896403551101685e-02
-2.146242745220661163e-02
3.786019980907440186e-01
4.104233905673027039e-02
4.021078646183013916e-01
2.216058522462844849e-01
3.532605469226837158e-01
5.223146080970764160e-01
8.875091075897216797e-01
2.975992560386657715e-01
2.483749985694885254e-01
-4.836027324199676514e-01
-5.578988194465637207e-01
3.173811137676239014e-01
-3.182072639465332031e-01
2.326521463692188263e-02
2.136017233133316040e-01
7.920682430267333984e-02
1.484091281890869141e-01
-6.443038582801818848e-01
-3.345381617546081543e-01
-2.467051446437835693e-01
1.537336558103561401e-01
2.454353272914886475e-01
5.565755441784858704e-02
5.263157188892364502e-02
-5.179355503059923649e-04
2.065149098634719849e-01
3.882304131984710693e-01
4.227945208549499512e-02
2.418271303176879883e-01
1.025685071945190430e-01
-5.636154487729072571e-02
-4.983275756239891052e-02
3.640613257884979248e-01
2.802382111549377441e-01
-9.297984070144593716e-04
-2.407599240541458130e-01
