1.887021213769912720e-01
2.425082623958587646e-01
1.110669821500778198e-01
3.955664634704589844e-01
-1.392166018486022949e-01
-1.812496781349182129e-01
2.350584417581558228e-01
1.421818435192108154e-01
-4.144527018070220947e-02
2.240644991397857666e-01
-6.196174025535583496e-01
-1.052951887249946594e-01
-6.676140427589416504e-02
-1.290512531995773315e-01
-1.496795266866683960e-01
1.490076929330825806e-01
1.498388648033142090e-01
1.127726286649703979e-01
-5.175790786743164062e-01
-2.153952419757843018e-01
-2.520345151424407959e-01
2.666408009827136993e-02
4.043414890766143799e-01
-6.990389525890350342e-02
1.987341605126857758e-02
-1.169271953403949738e-02
-8.709353804588317871e-01
-1.812714040279388428e-01
5.046443343162536621e-01
4.627931416034698486e-01
2.571305930614471436e-01
-2.417603321373462677e-02
4.797210544347763062e-02
-5.221170783042907715e-01
-1.536896377801895142e-01
1.945666223764419556e-02
-4.125555753707885742e-01
-2.696625888347625732e-01
1.227324753999710083e-01
-5.557103082537651062e-02
-2.730649709701538086e-01
-1.002131123095750809e-02
4.142061769962310791e-01
-3.010328412055969238e-01
6.868054717779159546e-02
-2.286222279071807861e-01
2.110006064176559448e-01
-4.829864203929901123e-02
3.302058279514312744e-01
-9.953156858682632446e-02
1.521391719579696655e-01
1.684364825487136841e-01
2.623177170753479004e-01
-4.704529047012329102e-01
-1.170706078410148621e-01
-2.752250730991363525e-01
3.517001569271087646e-01
5.311015844345092773e-01
-5.872043594717979431e-02
2.818662524223327637e-01
-5.547104477882385254e-01
3.018699884414672852e-01
3.380745649337768555e-02
-7.401348650455474854e-02
-1.544363051652908325e-01
2.612196505069732666e-01
3.526922464370727539e-01
-2.754856273531913757e-02
2.146649956703186035e-01
-3.054468929767608643e-01
-3.685713112354278564e-01
1.147705167531967163e-01
-5.495287179946899414e-01
-4.602507054805755615e-01
3.431263864040374756e-01
4.423235729336738586e-02
-1.485909223556518555e-01
-5.645207762718200684e-01
1.558797508478164673e-01
4.448253214359283447e-01
3.935981988906860352e-01
-3.628657460212707520e-01
-4.321507811546325684e-01
9.065757989883422852e-01
4.662308096885681152e-02
-2.858884334564208984e-01
-3.196964785456657410e-02
-1.835002303123474121e-01
1.619587838649749756e-01
-1.736279278993606567e-01
3.332342803478240967e-01
-9.848815798759460449e-01
-1.479650735855102539e-01
4.052672982215881348e-01
-1.571939438581466675e-01
-6.618842016905546188e-03
1.095501855015754700e-01
1.632889807224273682e-01
-2.750028669834136963e-01
-3.893992900848388672e-01
-5.808860659599304199e-01
-6.458083633333444595e-03
-2.100911438465118408e-01
-6.379812955856323242e-01
-6.142511218786239624e-02
-8.051229715347290039e-01
4.357877373695373535e-01
3.262178227305412292e-02
3.185823559761047363e-02
3.263772130012512207e-01
-2.891730964183807373e-01
5.404969453811645508e-01
1.544471364468336105e-02
-5.271373987197875977e-01
1.199747845530509949e-01
-4.185740947723388672e-01
4.901891350746154785e-01
-2.943645976483821869e-02
-7.104718685150146484e-01
2.096506804227828979e-01
-3.404565751552581787e-01
1.487038582563400269e-01
-1.181518360972404480e-01
-9.954212307929992676e-01
-4.812850356101989746e-01
-3.340778052806854248e-01
-3.186821639537811279e-01
5.972355604171752930e-01
-2.511368691921234131e-01
2.123552747070789337e-02
2.714665234088897705e-02
-1.880818307399749756e-01
-4.707542061805725098e-01
-2.674920260906219482e-01
-1.177279800176620483e-01
-7.946201413869857788e-02
1.036693334579467773e+00
1.813019067049026489e-01
2.275581508874893188e-01
-2.508577406406402588e-01
-3.691046535968780518e-01
-2.225168198347091675e-01
5.382777452468872070e-01
7.187719941139221191e-01
-5.118802562355995178e-02
-3.890188038349151611e-01
-1.093574017286300659e-01
1.639113426208496094e-01
8.466199040412902832e-03
-2.290969341993331909e-01
-4.276426136493682861e-02
-3.286558687686920166e-01
-1.983648985624313354e-01
-2.959166467189788818e-01
-3.152783811092376709e-01
-4.260086417198181152e-01
-5.602676868438720703e-01
4.071057438850402832e-01
-1.902979165315628052e-01
-1.279858201742172241e-01
8.451103568077087402e-01
-1.619168519973754883e-01
1.914653331041336060e-01
5.256577730178833008e-01
-6.771503090858459473e-01
2.214045375585556030e-01
2.742265462875366211e-01
-7.085074186325073242e-01
4.529190063476562500e-01
-2.165575921535491943e-01
4.450987279415130615e-01
-2.117102593183517456e-01
8.326457440853118896e-02
-5.975952744483947754e-01
2.565919458866119385e-01
-2.457399368286132812e-01
-1.130553111433982849e-01
-3.914729058742523193e-01
-1.516577899456024170e-01
-7.818584330379962921e-03
-1.151836663484573364e-01
-7.745229005813598633e-01
5.398321524262428284e-02
-4.506929516792297363e-01
-2.066628038883209229e-01
-3.407949209213256836e-01
-2.099651396274566650e-01
-1.734075546264648438e-01
4.129765182733535767e-02
-4.556664228439331055e-01
7.820088416337966919e-03
-4.227223694324493408e-01
7.224167883396148682e-02
2.845815122127532959e-01
-8.390770852565765381e-02
-7.183936834335327148e-01
2.211455106735229492e-01
3.820010125637054443e-01
1.339194625616073608e-01
-1.673041433095932007e-01
2.348152250051498413e-01
2.786759659647941589e-02
-2.075625956058502197e-01
-1.831810772418975830e-01
-3.314118385314941406e-01
2.871666289865970612e-02
1.543040946125984192e-02
-7.652204036712646484e-01
-2.820715308189392090e-01
-7.580506205558776855e-01
-3.315687179565429688e-01
-4.367909133434295654e-01
3.225495815277099609e-01
-6.752112507820129395e-02
-7.398940622806549072e-02
-4.478546604514122009e-02
7.709012716077268124e-04
1.232963874936103821e-01
-4.061742722988128662e-01
2.713542580604553223e-01
-4.341501295566558838e-01
2.209972292184829712e-01
1.336715556681156158e-02
1.310402601957321167e-01
-3.152906000614166260e-01
-3.003897070884704590e-01
1.078249886631965637e-01
-1.523589342832565308e-01
4.072767496109008789e-01
-3.934140503406524658e-01
2.719845473766326904e-01
-6.134182214736938477e-01
-2.623811960220336914e-01
-1.449831277132034302e-01
-4.267043992877006531e-02
-3.648499846458435059e-01
1.709675788879394531e-01
-3.716144859790802002e-01
-5.587011575698852539e-02
-3.110603094100952148e-01
-2.073241397738456726e-02
-6.996107101440429688e-01
3.810305297374725342e-01
2.278559654951095581e-02
-8.339385688304901123e-02
1.072608232498168945e-01
2.825018167495727539e-01
1.865379661321640015e-01
-3.121336996555328369e-01
-6.532106548547744751e-02
-2.351261377334594727e-01
-1.058564633131027222e-01
-9.493991732597351074e-02
3.038171529769897461e-01
-1.331487298011779785e-01
1.632876396179199219e-01
-3.823457360267639160e-01
-1.835836172103881836e-01
-2.266167402267456055e-01
4.997565597295761108e-02
-5.607537627220153809e-01
-4.484240412712097168e-01
-1.613502651453018188e-01
-4.877185821533203125e-01
4.702270328998565674e-01
-4.022409021854400635e-01
-3.326859772205352783e-01
3.650679354905150831e-05
-4.377994537353515625e-01
1.425815280526876450e-02
-2.885881960391998291e-01
3.698537871241569519e-02
-4.003617763519287109e-01
7.055635005235671997e-02
-3.102433681488037109e-01
-1.296782772988080978e-02
6.065682172775268555e-01
-3.098638951778411865e-01
3.037090897560119629e-01
2.043369412422180176e-01
-3.528764247894287109e-01
-2.940928936004638672e-01
-4.258700460195541382e-02
-1.606752723455429077e-02
3.906594812870025635e-01
2.427719160914421082e-02
-1.520337760448455811e-01
-5.045678019523620605e-01
-3.268999233841896057e-02
-4.051956236362457275e-01
-1.753630638122558594e-01
-1.284193098545074463e-01
-1.487963050603866577e-01
-1.387646943330764771e-01
2.596650645136833191e-02
-1.804770529270172119e-01
-5.609077811241149902e-01
-8.229044824838638306e-02
6.140118837356567383e-01
-7.552133798599243164e-01
-7.652348279953002930e-02
-4.550415575504302979e-01
1.577954590320587158e-01
-8.802630752325057983e-02
9.474643319845199585e-02
3.380520343780517578e-01
-1.425263583660125732e-01
-3.404884040355682373e-02
4.198661744594573975e-01
-3.551772534847259521e-01
-1.398843824863433838e-01
-3.328652083873748779e-01
-1.087424159049987793e-01
2.809475660324096680e-01
2.558964788913726807e-01
-2.656843364238739014e-01
6.216259002685546875e-01
8.865040540695190430e-02
-4.584420919418334961e-01
-4.017877578735351562e-01
-2.269360274076461792e-01
-6.243416070938110352e-01
-3.192514777183532715e-01
-4.425880014896392822e-01
2.950590550899505615e-01
1.263673901557922363e-01
1.466260552406311035e-01
-7.002844810485839844e-01
3.761972784996032715e-01
-8.539440482854843140e-02
-5.855122804641723633e-01
-4.886367619037628174e-01
-3.007522225379943848e-01
-7.079970091581344604e-02
-1.015973314642906189e-01
-5.113078951835632324e-01
2.187589854001998901e-01
-9.815869927406311035e-01
2.489944994449615479e-01
-8.685182034969329834e-02
9.018997102975845337e-02
-2.963332645595073700e-02
-3.304074704647064209e-01
-3.097514510154724121e-01
-3.940595090389251709e-01
5.136091262102127075e-02
-3.674258589744567871e-01
3.961088880896568298e-02
-4.083364903926849365e-01
2.725867629051208496e-01
-2.874264717102050781e-01
-3.411149978637695312e-01
-3.584724664688110352e-02
3.935435712337493896e-01
-7.478062063455581665e-02
-8.485852926969528198e-02
-3.724978268146514893e-01
2.029157727956771851e-01
1.923222909681499004e-03
2.178218811750411987e-01
6.583456695079803467e-02
-4.720777869224548340e-01
-5.103584006428718567e-02
2.021254301071166992e-01
-7.663670182228088379e-02
-1.241804286837577820e-01
-9.699255824089050293e-01
-3.281857371330261230e-01
-2.315261214971542358e-01
-3.258452415466308594e-01
-3.498570919036865234e-01
-1.266096830368041992e-01
2.000744342803955078e-01
-2.598169147968292236e-01
2.854116447269916534e-02
-2.282662838697433472e-01
-5.243458151817321777e-01
-9.546938538551330566e-02
1.181511953473091125e-01
-2.827193140983581543e-01
2.846616506576538086e-01
-4.473858773708343506e-01
-5.406882166862487793e-01
-5.053279399871826172e-01
-4.851350486278533936e-01
-1.514172647148370743e-02
-1.861439794301986694e-01
4.304046928882598877e-01
2.125295102596282959e-01
6.708208005875349045e-03
-5.222214460372924805e-01
3.172129988670349121e-01
-8.160445690155029297e-01
-1.083596229553222656e+00
-8.562332391738891602e-01
-4.719600677490234375e-01
3.529560938477516174e-02
-8.102138042449951172e-01
2.378474175930023193e-01
-7.359177619218826294e-02
2.157239019870758057e-01
-3.116063475608825684e-01
-2.564327120780944824e-01
-8.874452114105224609e-02
-2.721655368804931641e-01
3.109466731548309326e-01
-3.382323086261749268e-01
2.537806704640388489e-02
3.075295500457286835e-02
2.341067651286721230e-03
-1.913843005895614624e-01
-8.758343756198883057e-02
-2.234267741441726685e-01
-6.319397687911987305e-01
-2.974332869052886963e-01
-3.599511682987213135e-01
3.275185525417327881e-01
-1.143179759383201599e-01
1.557360142469406128e-01
-9.497056156396865845e-02
2.562513947486877441e-01
-1.608005464076995850e-01
-5.699368119239807129e-01
2.675157785415649414e-01
2.730746269226074219e-01
-2.944140508770942688e-02
-3.017390519380569458e-02
4.650516808032989502e-01
1.561674475669860840e-01
-2.376095801591873169e-01
-1.036451905965805054e-01
2.780109047889709473e-01
2.240835130214691162e-01
8.241420984268188477e-02
-2.626763582229614258e-01
-7.271494269371032715e-01
6.137228384613990784e-02
-1.608339697122573853e-01
-4.724304080009460449e-01
2.209640890359878540e-01
-1.022113487124443054e-01
-3.267286717891693115e-01
-7.321144640445709229e-02
-2.222222536802291870e-01
7.730601429939270020e-01
4.580335021018981934e-01
1.142656356096267700e-01
3.951192498207092285e-01
-1.074490249156951904e-01
3.608950674533843994e-01
2.875162661075592041e-01
2.892715111374855042e-02
1.769549548625946045e-01
-2.825026214122772217e-01
2.319135665893554688e-01
-3.122052550315856934e-01
-1.731649637222290039e-01
-4.462749660015106201e-01
-4.452798366546630859e-01
-6.434322595596313477e-01
-6.115361303091049194e-02
-3.974729042965918779e-04
-1.015543937683105469e-01
5.780225992202758789e-01
-1.021749854087829590e+00
4.292091727256774902e-01
-6.518322229385375977e-02
4.040941223502159119e-02
-1.603057235479354858e-02
3.778498154133558273e-03
-4.896636009216308594e-01
-8.783919215202331543e-01
2.171132117509841919e-01
-6.111370921134948730e-01
-3.603580892086029053e-01
-1.109227538108825684e-01
-2.396163493394851685e-01
3.674124181270599365e-01
-6.478965282440185547e-02
-3.940609097480773926e-01
3.001067042350769043e-01
6.780015677213668823e-02
1.058097230270504951e-03
-4.286011755466461182e-01
-6.145815849304199219e-01
-2.345740050077438354e-01
-1.875776797533035278e-02
6.358497589826583862e-02
4.581454098224639893e-01
-5.603570342063903809e-01
1.135406792163848877e-01
-6.151198148727416992e-01
-1.756716966629028320e-01
-5.523161292076110840e-01
2.081221342086791992e-01
3.556358441710472107e-02
1.485506892204284668e-01
-8.245548605918884277e-02
-3.708924651145935059e-01
-2.230715006589889526e-01
-4.655821919441223145e-01
-4.069815576076507568e-01
-3.226470649242401123e-01
2.968713343143463135e-01
-1.189873740077018738e-01
2.874567210674285889e-01
5.434665679931640625e-01
5.352277308702468872e-02
-3.323405683040618896e-01
-1.095787659287452698e-01
-5.026460289955139160e-01
-2.224293053150177002e-01
