1.678441762924194336e-01
-3.315671579912304878e-03
-1.311938166618347168e-01
7.291301339864730835e-02
-9.393829852342605591e-02
1.002229675650596619e-01
2.749609649181365967e-01
2.183770984411239624e-01
-3.168420866131782532e-02
-8.248687535524368286e-02
-4.554228782653808594e-01
2.999130785465240479e-01
1.311082839965820312e-01
3.971052765846252441e-01
9.525456279516220093e-02
-4.014288783073425293e-01
1.419656723737716675e-01
-2.541775405406951904e-01
-2.517028152942657471e-01
3.615760505199432373e-01
6.342664361000061035e-02
2.097944319248199463e-01
2.960823774337768555e-01
4.722318053245544434e-02
1.559817045927047729e-01
-1.467217039316892624e-02
2.948445677757263184e-01
4.226137325167655945e-02
8.568859845399856567e-02
-1.099940314888954163e-01
2.445767968893051147e-01
-2.791776061058044434e-01
1.743690967559814453e-01
-6.375394016504287720e-02
1.717985868453979492e-01
-9.335782378911972046e-02
8.662071824073791504e-02
3.319903910160064697e-01
2.565830349922180176e-01
2.282331734895706177e-01
-9.965460747480392456e-02
-1.862972602248191833e-02
1.517520695924758911e-01
-5.191304683685302734e-01
2.066018581390380859e-01
-1.734710671007633209e-02
1.171996966004371643e-01
-1.399016827344894409e-01
5.155977234244346619e-02
4.180582463741302490e-01
-7.261970639228820801e-02
3.804159462451934814e-01
2.401593327522277832e-01
1.788532733917236328e-01
3.750558942556381226e-02
-3.066602051258087158e-01
2.455899119377136230e-01
5.697328224778175354e-02
3.281824588775634766e-01
4.862008616328239441e-02
1.388657242059707642e-01
-1.539555490016937256e-01
1.977559179067611694e-02
-1.870771050453186035e-01
