-1.094497814774513245e-01
-9.065435733646154404e-04
-3.653911352157592773e-01
-5.854097381234169006e-02
-1.474671065807342529e-01
2.833058536052703857e-01
8.801707625389099121e-02
1.885731145739555359e-02
2.374713569879531860e-01
-2.947216033935546875e-01
-1.336759328842163086e-01
2.264890447258949280e-02
-6.807716935873031616e-02
2.940747141838073730e-01
-1.893100440502166748e-01
2.355716228485107422e-01
-1.671571731567382812e-01
1.140974685549736023e-01
-3.857181370258331299e-01
3.573297858238220215e-01
-5.026694536209106445e-01
-1.709421724081039429e-01
6.874462217092514038e-02
1.878983974456787109e-01
-3.237559795379638672e-01
-3.176209628582000732e-01
3.279028534889221191e-01
7.646713405847549438e-02
-2.092315852642059326e-01
3.544901907444000244e-01
2.488342076539993286e-01
-4.137445688247680664e-01
1.446158587932586670e-01
1.686351299285888672e-01
-3.286525607109069824e-02
-2.656664513051509857e-02
-2.395111173391342163e-01
-7.453642487525939941e-01
-6.353168189525604248e-02
8.485898375511169434e-02
3.183361291885375977e-01
-3.155185282230377197e-01
-1.684039682149887085e-01
4.115646183490753174e-01
4.946019966155290604e-03
1.360676288604736328e-01
-1.457353383302688599e-01
-8.140620589256286621e-02
2.471177875995635986e-01
2.658889889717102051e-01
-1.341823786497116089e-01
5.097495913505554199e-01
-5.219851136207580566e-01
-2.714987695217132568e-01
7.342474907636642456e-02
-1.143887192010879517e-01
3.004110157489776611e-01
-1.950911991298198700e-02
-3.879952430725097656e-01
1.701575368642807007e-01
-5.071529150009155273e-01
-4.459328055381774902e-01
-1.390415579080581665e-01
1.378478556871414185e-01
