2.935832440853118896e-01
-3.001590669155120850e-01
-3.963349163532257080e-01
8.921179175376892090e-02
4.228269755840301514e-01
-5.534761548042297363e-01
-1.223456114530563354e-01
-2.588598728179931641e-01
-6.298784166574478149e-02
1.507718414068222046e-01
1.965013742446899414e-01
1.228540241718292236e-01
2.300011366605758667e-01
-1.850235909223556519e-01
-5.028065294027328491e-02
-3.070079386234283447e-01
-2.455817312002182007e-01
-6.127359867095947266e-01
-4.802517592906951904e-01
-2.033164501190185547e-01
-3.493496775627136230e-01
-3.722461685538291931e-02
-1.264323741197586060e-01
-2.509826123714447021e-01
-6.423201411962509155e-03
1.990619450807571411e-01
-2.800962701439857483e-02
-1.989431381225585938e-01
-4.537027776241302490e-01
-5.085402131080627441e-01
8.497451245784759521e-02
-4.743727743625640869e-01
-1.716622114181518555e-01
-6.997213512659072876e-02
-1.432394385337829590e-01
-6.122520193457603455e-02
-1.447050869464874268e-01
-7.416561245918273926e-02
-1.097738835960626602e-02
-5.260510444641113281e-01
-3.824048042297363281e-01
2.650093138217926025e-01
-2.050277292728424072e-01
-2.950841784477233887e-01
5.247604474425315857e-02
-3.648604750633239746e-01
1.055628620088100433e-02
-2.155075408518314362e-02
-5.139005780220031738e-01
1.617919504642486572e-01
-5.507763624191284180e-01
1.695658452808856964e-02
9.163854271173477173e-02
-1.402014493942260742e-01
-1.336747705936431885e-01
-3.114276826381683350e-01
-1.920651197433471680e-01
-2.281786203384399414e-01
-6.870249658823013306e-02
-4.743679165840148926e-01
-2.980537712574005127e-01
-3.581029474735260010e-01
-2.713883817195892334e-01
-1.033930405974388123e-01
-5.034682899713516235e-02
-3.066481947898864746e-01
-4.510013163089752197e-01
1.124220713973045349e-01
-4.485049843788146973e-01
-1.939944475889205933e-01
1.674459725618362427e-01
-8.398794382810592651e-02
-3.011346459388732910e-01
1.892303973436355591e-01
-3.474849164485931396e-01
-5.464177727699279785e-01
3.096065111458301544e-02
-5.300464034080505371e-01
-8.051338046789169312e-02
-4.560329765081405640e-02
1.214941218495368958e-01
-2.986856997013092041e-01
-4.379392601549625397e-03
-2.204791456460952759e-01
-1.204863637685775757e-01
5.351813510060310364e-02
-3.834693506360054016e-02
-1.228230968117713928e-01
-3.694955706596374512e-01
-2.331302762031555176e-01
-6.429718136787414551e-01
-1.973653212189674377e-02
-1.992586106061935425e-01
-1.605283617973327637e-01
6.641699932515621185e-03
3.901650756597518921e-02
2.659537643194198608e-02
-5.820517241954803467e-02
-8.392561227083206177e-02
-6.157723665237426758e-01
-1.870130002498626709e-01
-8.365882188081741333e-02
-4.375507533550262451e-01
-3.898277878761291504e-01
7.543925940990447998e-02
-3.772315979003906250e-01
-2.237266898155212402e-01
-8.850521594285964966e-02
-2.334657683968544006e-02
-1.280369609594345093e-01
9.908009320497512817e-02
-2.687471508979797363e-01
-4.141383469104766846e-01
-1.712960749864578247e-02
1.030800342559814453e-01
-3.029684722423553467e-01
-1.656298190355300903e-01
-2.842616438865661621e-01
-1.015033721923828125e-01
2.036906965076923370e-02
-2.385731413960456848e-02
-1.721792370080947876e-01
-7.555060833692550659e-02
-7.175473868846893311e-02
-4.340992569923400879e-01
-3.601940572261810303e-01
-3.175496757030487061e-01
-1.518650501966476440e-01
-4.328111708164215088e-01
-1.379930377006530762e-01
-1.608568578958511353e-01
-3.484915196895599365e-01
-1.167717874050140381e-01
-5.540607571601867676e-01
-7.894629240036010742e-02
-2.000727653503417969e-01
-3.216341733932495117e-01
-2.126330435276031494e-01
-3.855203092098236084e-02
-2.767657041549682617e-01
-3.956734836101531982e-01
-7.962010055780410767e-02
-2.146776318550109863e-01
-2.326028943061828613e-01
-1.432681530714035034e-01
-1.993592977523803711e-01
-5.684838071465492249e-02
-2.169793695211410522e-01
-2.488768547773361206e-01
-1.025334466248750687e-02
-1.648701876401901245e-01
-2.116882055997848511e-01
-1.923210471868515015e-01
-3.069060146808624268e-01
-2.263362891972064972e-02
2.630889117717742920e-01
-2.006514370441436768e-01
-1.512958016246557236e-02
-2.376240640878677368e-01
-5.635258555412292480e-01
-2.656569778919219971e-01
-2.459147572517395020e-01
1.550000160932540894e-01
5.612612888216972351e-02
1.416296064853668213e-01
-2.898502945899963379e-01
-3.759451508522033691e-01
-4.904282987117767334e-01
-1.871524006128311157e-01
-4.120188578963279724e-02
-1.966235935688018799e-01
-2.533548176288604736e-01
2.160705178976058960e-01
-1.217951625585556030e-01
-2.351252436637878418e-01
1.894117593765258789e-01
-3.396242856979370117e-01
-7.979079335927963257e-02
8.446616679430007935e-02
-1.814073771238327026e-01
-2.207122147083282471e-01
-8.069147169589996338e-02
-3.507894873619079590e-01
-4.985593557357788086e-01
-4.959719777107238770e-01
-2.779609858989715576e-01
-2.911152541637420654e-01
-1.186642870306968689e-01
-4.939897917211055756e-03
-2.035336643457412720e-01
5.350218713283538818e-02
-5.789098143577575684e-01
-3.113884627819061279e-01
-4.049838185310363770e-01
-4.011904299259185791e-01
-2.202856689691543579e-01
-2.404038161039352417e-01
2.294198125600814819e-01
-5.198812112212181091e-02
-3.717437982559204102e-01
-2.503130733966827393e-01
-2.206919193267822266e-01
-2.248288691043853760e-01
-2.592156268656253815e-02
-2.034865319728851318e-01
-5.538755059242248535e-01
-4.687517285346984863e-01
-4.994091764092445374e-02
-4.823434948921203613e-01
-4.405216500163078308e-02
-2.513048946857452393e-01
-5.485342741012573242e-01
4.489620029926300049e-01
-1.591267585754394531e-01
-2.848468422889709473e-01
-5.203222632408142090e-01
9.668773412704467773e-02
-5.153011903166770935e-02
-2.833642959594726562e-01
-3.033648617565631866e-02
3.461211323738098145e-01
-9.376133978366851807e-02
-3.881174921989440918e-01
-3.486029803752899170e-01
-4.595947563648223877e-01
-5.729466676712036133e-01
-2.169286757707595825e-01
-6.413167715072631836e-01
-4.041483700275421143e-01
1.257367134094238281e-01
-7.993577048182487488e-03
-4.688235521316528320e-01
-4.996202886104583740e-01
-1.485781818628311157e-01
2.959417104721069336e-01
-4.140728712081909180e-01
-4.669210314750671387e-01
-6.556900143623352051e-01
1.830472424626350403e-02
7.307069748640060425e-02
-5.076552033424377441e-01
-3.104456365108489990e-01
-3.345612287521362305e-01
-4.901380836963653564e-01
-3.693047165870666504e-01
-6.056983023881912231e-02
-3.243001997470855713e-01
-3.209339380264282227e-01
-2.840229496359825134e-02
2.635219097137451172e-01
-7.598534226417541504e-01
-3.169436454772949219e-01
-2.469884604215621948e-01
-3.909379243850708008e-01
2.108459174633026123e-02
-1.070577278733253479e-01
2.977342158555984497e-02
-7.745241373777389526e-02
-9.157828986644744873e-02
-2.511745989322662354e-01
-1.194085255265235901e-01
-2.401797175407409668e-01
-8.592284470796585083e-02
-3.060733433812856674e-03
1.652002036571502686e-01
-3.236180543899536133e-01
-3.248086571693420410e-01
-1.524781584739685059e-01
-4.476590547710657120e-03
-1.254684031009674072e-01
-3.916523456573486328e-01
1.242840513586997986e-01
-2.494409680366516113e-01
-1.240047365427017212e-01
-4.824080765247344971e-01
-9.964643418788909912e-02
7.299431413412094116e-02
-3.641915321350097656e-02
1.421883106231689453e-01
-2.332944273948669434e-01
-1.284803450107574463e-01
-7.474931329488754272e-02
-3.868022263050079346e-01
-2.615377604961395264e-01
5.795661732554435730e-02
7.013380993157625198e-03
-4.726118743419647217e-01
-1.567784398794174194e-01
-3.786765336990356445e-01
-4.403578042984008789e-01
2.554242312908172607e-01
1.950142681598663330e-01
-2.022690623998641968e-01
-2.060723900794982910e-01
-4.625279605388641357e-01
-5.586297512054443359e-01
-1.542083472013473511e-01
7.573463767766952515e-02
-2.720245718955993652e-01
-2.810967564582824707e-01
-2.480317056179046631e-01
-4.368448257446289062e-01
-9.491542726755142212e-02
5.252147093415260315e-02
3.466663062572479248e-01
-1.872515976428985596e-01
-1.041565984487533569e-01
-2.532680034637451172e-01
-3.686934709548950195e-01
-2.048059925436973572e-02
-5.695418268442153931e-02
-2.606759667396545410e-01
-1.384340226650238037e-01
-4.609930217266082764e-01
1.591478735208511353e-01
-1.691545993089675903e-01
1.639890670776367188e-01
3.462703526020050049e-02
-4.801960662007331848e-02
-2.074179202318191528e-01
-2.666085660457611084e-01
-3.867461979389190674e-01
1.779856681823730469e-01
1.595965623855590820e-01
-1.443078815937042236e-01
-1.767018735408782959e-01
-2.670662403106689453e-01
-1.967241056263446808e-02
-5.674430131912231445e-01
-7.729244232177734375e-02
-1.924357414245605469e-01
-1.849368959665298462e-01
-3.454051017761230469e-01
-3.280531615018844604e-02
-4.487088322639465332e-02
-5.246161222457885742e-01
-5.895757675170898438e-01
5.341374129056930542e-02
-3.078176975250244141e-01
2.353320568799972534e-01
-3.956832364201545715e-02
6.497862935066223145e-02
-2.617205977439880371e-01
-7.519368827342987061e-02
-3.284320533275604248e-01
-4.571967720985412598e-01
-2.679207921028137207e-01
2.915675193071365356e-02
-6.031728386878967285e-01
-4.477865099906921387e-01
-7.837340235710144043e-02
1.111671626567840576e-01
-2.292055040597915649e-01
-4.279980957508087158e-01
-4.747998714447021484e-01
-1.423282176256179810e-01
-1.699097454547882080e-01
-2.773095071315765381e-01
-1.561168134212493896e-01
-5.602950453758239746e-01
-2.672650218009948730e-01
-1.386449337005615234e-01
-1.881505846977233887e-01
-7.558268960565328598e-03
-3.308371007442474365e-01
-1.268009394407272339e-01
-5.863476395606994629e-01
-3.554346859455108643e-01
-6.115616559982299805e-01
-7.625178247690200806e-02
-1.568863987922668457e-01
-4.908467233180999756e-01
-1.045387089252471924e-01
-2.749409973621368408e-01
-3.897074759006500244e-01
-3.161173462867736816e-01
-3.673596084117889404e-01
1.496886909008026123e-01
-3.508905768394470215e-01
-7.864816486835479736e-02
-3.290808200836181641e-01
-1.870059669017791748e-01
-1.454817652702331543e-01
-3.665934503078460693e-01
1.372062861919403076e-01
-4.016109108924865723e-01
-5.611933469772338867e-01
-9.981064498424530029e-02
-1.951167136430740356e-01
-3.311180770397186279e-01
-9.965537488460540771e-02
-4.179814755916595459e-01
-1.062751784920692444e-01
-8.793511986732482910e-02
-5.608701705932617188e-01
-7.850942760705947876e-02
-6.061823368072509766e-01
-3.752570748329162598e-01
-8.675545454025268555e-02
4.320945590734481812e-02
-5.002573728561401367e-01
-8.925532549619674683e-02
-7.105184346437454224e-02
-2.263998687267303467e-01
-1.071956381201744080e-01
-6.253427267074584961e-01
-4.319282472133636475e-01
-5.004411339759826660e-01
-2.892681360244750977e-01
-3.238420188426971436e-01
-2.054541744291782379e-02
-3.851355910301208496e-01
-1.583299934864044189e-01
-1.750800460577011108e-01
-2.245317846536636353e-01
-5.533371567726135254e-01
-3.521926328539848328e-02
-2.281368337571620941e-02
-1.780533641576766968e-01
1.470287144184112549e-01
8.429042063653469086e-03
-3.039962053298950195e-01
-4.593556523323059082e-01
2.578386962413787842e-01
-7.637304812669754028e-02
-9.058857709169387817e-02
-2.825052142143249512e-01
-3.264995217323303223e-01
-2.638101577758789062e-01
1.701901108026504517e-01
-3.814604878425598145e-01
-1.306406706571578979e-01
-2.798932492733001709e-01
-2.862838506698608398e-01
1.658037677407264709e-02
2.795766107738018036e-02
-1.644487380981445312e-01
-1.413175761699676514e-01
-5.393393710255622864e-02
1.236190572381019592e-01
-1.343723386526107788e-01
2.379936575889587402e-01
-6.165737751871347427e-03
1.700290739536285400e-01
-3.355588316917419434e-01
1.305872797966003418e-01
-2.370447218418121338e-01
-3.674187362194061279e-01
-1.338206231594085693e-01
-1.544732004404067993e-01
-1.363617777824401855e-01
-1.608491092920303345e-01
-1.548767685890197754e-01
-4.384868741035461426e-01
-3.336926698684692383e-01
-1.578919142484664917e-01
-4.889963567256927490e-02
-3.212490677833557129e-01
-1.189186871051788330e-01
-1.377210766077041626e-01
-1.600992232561111450e-01
-1.367545872926712036e-01
-1.435947865247726440e-01
3.742441534996032715e-01
-2.729054689407348633e-01
9.086046367883682251e-02
-4.834778904914855957e-01
-1.644106805324554443e-01
-3.126931488513946533e-01
1.224659383296966553e-01
-4.022956788539886475e-01
7.820165902376174927e-02
-3.546369671821594238e-01
8.617277443408966064e-02
2.269318550825119019e-01
-5.329964682459831238e-02
-7.331254892051219940e-03
-1.126800477504730225e-01
-7.341971397399902344e-01
-1.710346490144729614e-01
5.122326686978340149e-02
-1.070633977651596069e-01
-3.813286079093813896e-03
-5.019722580909729004e-01
-2.906275987625122070e-01
-2.346300035715103149e-01
-2.110076397657394409e-01
1.042171865701675415e-01
-5.620667934417724609e-01
-2.950514853000640869e-01
-1.653733104467391968e-01
1.685687154531478882e-01
-3.286285102367401123e-01
-1.047044768929481506e-01
-4.707951545715332031e-01
-3.136484920978546143e-01
-3.279844671487808228e-02
1.223080083727836609e-01
5.457287654280662537e-02
-5.555875897407531738e-01
-1.568235158920288086e-01
-6.257297843694686890e-02
-1.703111529350280762e-01
4.951687753200531006e-01
1.629426330327987671e-01
-1.734318435192108154e-01
1.161124557256698608e-01
-6.915777325630187988e-01
-2.924729585647583008e-01
-4.872556328773498535e-01
-6.246656775474548340e-01
-5.438613519072532654e-02
