6.759561598300933838e-02
2.165342308580875397e-02
5.176538228988647461e-02
3.432657942175865173e-02
5.672883987426757812e-02
7.618617266416549683e-02
1.895446479320526123e-01
2.226736992597579956e-01
3.047431074082851410e-02
4.883681610226631165e-02
3.543707728385925293e-01
4.409104287624359131e-01
7.483142614364624023e-02
4.332434237003326416e-01
5.095903947949409485e-02
3.457461893558502197e-01
7.391634583473205566e-02
1.653120517730712891e-01
4.642211645841598511e-02
3.553657233715057373e-01
7.622827589511871338e-02
1.563128642737865448e-02
1.383107006549835205e-01
3.909643739461898804e-02
8.503820002079010010e-02
4.319996386766433716e-02
9.176462888717651367e-02
3.540604934096336365e-02
4.269537702202796936e-02
2.386950701475143433e-02
9.273134917020797729e-02
8.570892363786697388e-02
5.570551007986068726e-02
9.452519565820693970e-02
1.196900755167007446e-01
3.694530576467514038e-02
4.499839246273040771e-02
2.728978991508483887e-01
1.675560623407363892e-01
4.318492114543914795e-02
3.075302764773368835e-02
3.484503552317619324e-02
1.809628494083881378e-02
8.438753485679626465e-01
1.240148618817329407e-01
2.552471682429313660e-02
3.880208358168601990e-02
9.116926789283752441e-02
2.168262749910354614e-02
2.162068933248519897e-01
2.718819119036197662e-02
2.048205882310867310e-01
7.944257557392120361e-02
3.899962082505226135e-02
5.068822577595710754e-02
1.246343851089477539e-01
6.472855806350708008e-02
7.015382498502731323e-02
2.502916157245635986e-01
7.536865770816802979e-02
1.702134162187576294e-01
1.429754216223955154e-02
3.821324929594993591e-02
2.228256314992904663e-01
