2.116855978965759277e-01
2.105413079261779785e-01
1.718844622373580933e-01
1.604241281747817993e-01
1.696539819240570068e-01
1.309046447277069092e-01
1.609771698713302612e-01
1.933329701423645020e-01
2.225838005542755127e-01
2.698889374732971191e-01
1.564294546842575073e-01
1.052343249320983887e-01
1.524538546800613403e-01
2.268877476453781128e-01
2.307272106409072876e-01
1.501275599002838135e-01
1.794604063034057617e-01
1.633364111185073853e-01
1.348655968904495239e-01
2.222848236560821533e-01
1.129309907555580139e-01
1.855330467224121094e-01
1.318035274744033813e-01
2.046582102775573730e-01
1.481824070215225220e-01
1.804395020008087158e-01
2.056497335433959961e-01
1.837897151708602905e-01
1.166817769408226013e-01
1.277673095464706421e-01
9.754043072462081909e-02
1.277120709419250488e-01
1.250825077295303345e-01
2.190081626176834106e-01
1.374873369932174683e-01
1.951843053102493286e-01
1.470039933919906616e-01
1.699538081884384155e-01
2.343615889549255371e-01
1.722281277179718018e-01
2.412813603878021240e-01
1.946063786745071411e-01
1.700460314750671387e-01
1.340272128582000732e-01
1.689728796482086182e-01
1.540385186672210693e-01
2.260573059320449829e-01
1.510849893093109131e-01
1.479216814041137695e-01
1.763104349374771118e-01
2.348083555698394775e-01
1.404595077037811279e-01
1.630371212959289551e-01
2.176345884799957275e-01
1.661118716001510620e-01
2.094760835170745850e-01
1.908998638391494751e-01
1.241463869810104370e-01
1.934382766485214233e-01
1.555972844362258911e-01
1.846311390399932861e-01
2.102918773889541626e-01
1.776007413864135742e-01
1.300866752862930298e-01
2.224999517202377319e-01
1.667115539312362671e-01
1.945291757583618164e-01
1.051811724901199341e-01
2.113006860017776489e-01
1.828168630599975586e-01
1.604036837816238403e-01
1.438257992267608643e-01
1.864903569221496582e-01
1.762568205595016479e-01
1.214719340205192566e-01
1.449439376592636108e-01
2.096244096755981445e-01
1.753279417753219604e-01
2.113043069839477539e-01
1.497698426246643066e-01
1.662894636392593384e-01
1.924365460872650146e-01
1.851506233215332031e-01
1.760794967412948608e-01
1.805149018764495850e-01
1.253218054771423340e-01
1.956850588321685791e-01
2.047675251960754395e-01
2.010341435670852661e-01
1.476442217826843262e-01
2.141604870557785034e-01
1.574023067951202393e-01
1.872946768999099731e-01
1.465863436460494995e-01
1.696104109287261963e-01
1.415410488843917847e-01
2.050931155681610107e-01
1.761543452739715576e-01
2.500662207603454590e-01
1.475399732589721680e-01
1.935829222202301025e-01
2.095983624458312988e-01
1.916197389364242554e-01
2.934432327747344971e-01
1.968889832496643066e-01
1.908319294452667236e-01
1.031516343355178833e-01
2.398316562175750732e-01
1.328799128532409668e-01
1.865935176610946655e-01
1.651223897933959961e-01
1.876525133848190308e-01
1.548732668161392212e-01
1.936473101377487183e-01
2.098888158798217773e-01
2.013826817274093628e-01
1.593040972948074341e-01
1.452665179967880249e-01
1.366714835166931152e-01
1.552196592092514038e-01
1.831811219453811646e-01
2.256876677274703979e-01
2.074631601572036743e-01
1.481637507677078247e-01
1.755433827638626099e-01
2.130442559719085693e-01
1.880825757980346680e-01
2.179041504859924316e-01
1.283488720655441284e-01
1.443045884370803833e-01
2.329690307378768921e-01
2.370774149894714355e-01
1.889685243368148804e-01
1.426154226064682007e-01
1.850768774747848511e-01
1.416155397891998291e-01
1.610180884599685669e-01
1.358996033668518066e-01
1.808625757694244385e-01
1.323541253805160522e-01
2.157075256109237671e-01
1.870854496955871582e-01
1.749518960714340210e-01
2.498762011528015137e-01
1.837113946676254272e-01
1.902103424072265625e-01
1.856713891029357910e-01
1.226551681756973267e-01
1.688498705625534058e-01
2.000281810760498047e-01
1.403234452009201050e-01
1.582203358411788940e-01
1.278340965509414673e-01
1.974284499883651733e-01
1.986042559146881104e-01
1.495240628719329834e-01
1.377109289169311523e-01
1.589223295450210571e-01
2.012564241886138916e-01
1.546150147914886475e-01
1.607259064912796021e-01
2.001740783452987671e-01
2.336235493421554565e-01
1.713814139366149902e-01
2.257312387228012085e-01
1.523469835519790649e-01
1.649504303932189941e-01
1.565766930580139160e-01
1.480574160814285278e-01
1.271405816078186035e-01
1.846342980861663818e-01
1.468614190816879272e-01
2.026057690382003784e-01
1.327033340930938721e-01
1.875586360692977905e-01
1.698269844055175781e-01
2.759455442428588867e-01
1.818975210189819336e-01
1.677116453647613525e-01
2.383470237255096436e-01
1.787487864494323730e-01
2.384547740221023560e-01
1.985369324684143066e-01
2.148862481117248535e-01
1.579851508140563965e-01
1.947951316833496094e-01
1.964019834995269775e-01
1.960404962301254272e-01
1.707529872655868530e-01
1.387924253940582275e-01
1.721134036779403687e-01
1.950407326221466064e-01
1.553207039833068848e-01
1.270926296710968018e-01
1.631710976362228394e-01
1.823197305202484131e-01
1.424895524978637695e-01
1.412470191717147827e-01
1.523602753877639771e-01
1.635653674602508545e-01
1.530437320470809937e-01
1.521396487951278687e-01
1.671870797872543335e-01
1.707141846418380737e-01
1.815323829650878906e-01
1.456192433834075928e-01
1.319118887186050415e-01
1.966869235038757324e-01
1.694425940513610840e-01
1.732038557529449463e-01
1.912859976291656494e-01
1.584674417972564697e-01
2.425454556941986084e-01
1.772423237562179565e-01
1.378532648086547852e-01
1.746360361576080322e-01
1.759024560451507568e-01
1.970145851373672485e-01
1.583947986364364624e-01
2.203435897827148438e-01
2.212711721658706665e-01
1.508670747280120850e-01
1.630255430936813354e-01
2.196034193038940430e-01
1.811675727367401123e-01
1.394571810960769653e-01
1.780525594949722290e-01
1.341088712215423584e-01
1.479297727346420288e-01
1.760403215885162354e-01
1.983617246150970459e-01
2.164767533540725708e-01
2.446894049644470215e-01
2.257041335105895996e-01
2.407197356224060059e-01
1.608457714319229126e-01
2.201755642890930176e-01
1.398546993732452393e-01
1.808563470840454102e-01
1.792734414339065552e-01
1.937642544507980347e-01
2.191974073648452759e-01
1.663651168346405029e-01
1.478666663169860840e-01
1.858174651861190796e-01
1.820558756589889526e-01
1.976517885923385620e-01
2.245369851589202881e-01
1.146232709288597107e-01
1.856539398431777954e-01
1.699334830045700073e-01
1.828682720661163330e-01
1.991841793060302734e-01
1.993733346462249756e-01
1.403486728668212891e-01
1.746174097061157227e-01
