7.567769289016723633e-02
4.742292761802673340e-01
1.349905729293823242e-01
-4.790153801441192627e-01
4.516263306140899658e-02
-4.074341654777526855e-01
-8.415210247039794922e-01
-3.521317243576049805e-01
2.772457897663116455e-01
3.033900260925292969e-01
3.611169457435607910e-01
3.741317093372344971e-01
-1.600044220685958862e-01
-3.137726485729217529e-01
-3.121499419212341309e-01
1.272246122360229492e+00
4.963651299476623535e-02
-9.873188138008117676e-01
-5.692122578620910645e-01
2.451810240745544434e-02
4.323904514312744141e-01
9.099816679954528809e-01
-4.072223603725433350e-01
-6.038138270378112793e-01
2.575317621231079102e-01
7.373993992805480957e-01
-8.800161480903625488e-01
-8.088663220405578613e-02
-5.355960726737976074e-01
3.090619444847106934e-01
-2.729190699756145477e-02
1.900090277194976807e-01
8.978137969970703125e-01
-4.853186607360839844e-01
-5.789299011230468750e-01
-2.713416218757629395e-01
3.591499924659729004e-01
-3.468934595584869385e-01
-2.670764736831188202e-02
3.903684914112091064e-01
-9.429503977298736572e-02
4.911962151527404785e-01
-8.579650521278381348e-01
-8.569523096084594727e-01
4.082068800926208496e-01
-2.627816796302795410e-01
1.590820401906967163e-01
-1.129236519336700439e-01
-1.943048983812332153e-01
3.720242381095886230e-01
2.030558288097381592e-01
7.915345430374145508e-01
-2.134815007448196411e-01
-1.210124939680099487e-01
-8.034624159336090088e-03
1.524548381567001343e-01
2.732764780521392822e-01
-5.849853754043579102e-01
-6.292265653610229492e-01
2.372854202985763550e-02
1.475385129451751709e-01
1.727133393287658691e-01
2.385105006396770477e-02
-3.284240961074829102e-01
2.300890833139419556e-01
4.994596242904663086e-01
5.305751562118530273e-01
6.804777979850769043e-01
-7.653630971908569336e-01
-3.265732899308204651e-02
-9.295780062675476074e-01
-7.216194868087768555e-01
2.113827913999557495e-01
-5.378754138946533203e-01
8.211791515350341797e-02
6.540440320968627930e-01
-1.632027477025985718e-01
-1.004364490509033203e+00
-1.846223771572113037e-01
2.272257506847381592e-01
-6.161189079284667969e-01
-1.862034648656845093e-01
1.752588301897048950e-01
4.975175112485885620e-02
-9.172501415014266968e-02
6.354441046714782715e-01
-2.759926319122314453e-01
1.078331470489501953e-02
6.227440237998962402e-01
4.819287657737731934e-01
-3.318635821342468262e-01
-3.035319745540618896e-01
-3.031210005283355713e-01
4.137546122074127197e-01
8.654228597879409790e-02
9.582723975181579590e-01
-8.682450056076049805e-01
6.855044513940811157e-02
7.943560369312763214e-03
-7.040700316429138184e-01
-4.614680707454681396e-01
4.268127083778381348e-01
6.796096563339233398e-01
2.413719296455383301e-01
2.710386812686920166e-01
-2.065494470298290253e-02
1.284839510917663574e-01
-1.348979324102401733e-01
-5.975974351167678833e-02
7.144232988357543945e-01
1.565350741147994995e-01
-3.161286711692810059e-01
-1.259828805923461914e-01
-9.455992579460144043e-01
-6.213681697845458984e-01
-4.750806391239166260e-01
-2.323089390993118286e-01
8.351932168006896973e-01
1.365058997180312872e-04
7.211253046989440918e-02
-3.682479858398437500e-01
9.051083028316497803e-02
-1.946529746055603027e-01
9.856242537498474121e-01
-4.306450784206390381e-01
3.865578174591064453e-01
-7.627810239791870117e-01
5.492035672068595886e-02
