0.000000 0.000000 0.000000 0.000000 0.000000 0.000000 0.000000 0.000000 0.000000 74.000000 143.000000 82.000000 9.000000 0.000000 11.000000 37.000000 99.000000 170.000000 87.000000 0.000000 0.000000 0.000000 0.000000 0.000000 0.000000 0.000000 0.000000 0.000000
0.000000 0.000000 0.000000 0.000000 0.000000 0.000000 0.000000 2.000000 255.000000 243.000000 247.000000 246.000000 255.000000 255.000000 247.000000 255.000000 242.000000 237.000000 240.000000 255.000000 0.000000 0.000000 0.000000 0.000000 0.000000 0.000000 0.000000 0.000000
0.000000 0.000000 0.000000 0.000000 0.000000 0.000000 0.000000 0.000000 225.000000 232.000000 231.000000 230.000000 233.000000 214.000000 100.000000 202.000000 234.000000 221.000000 226.000000 212.000000 0.000000 0.000000 0.000000 0.000000 0.000000 0.000000 0.000000 0.000000
0.000000 0.000000 0.000000 0.000000 0.000000 0.000000 0.000000 0.000000 215.000000 237.000000 233.000000 234.000000 236.000000 230.000000 206.000000 225.000000 236.000000 226.000000 229.000000 203.000000 0.000000 0.000000 0.000000 0.000000 0.000000 0.000000 0.000000 0.000000
0.000000 0.000000 0.000000 0.000000 0.000000 0.000000 0.000000 0.000000 255.000000 238.000000 235.000000 235.000000 233.000000 237.000000 242.000000 235.000000 229.000000 230.000000 227.000000 242.000000 0.000000 0.000000 0.000000 0.000000 0.000000 0.000000 0.000000 0.000000
0.000000 0.000000 0.000000 0.000000 0.000000 0.000000 0.000000 0.000000 255.000000 239.000000 235.000000 235.000000 234.000000 233.000000 231.000000 231.000000 233.000000 230.000000 224.000000 251.000000 0.000000 0.000000 0.000000 0.000000 0.000000 0.000000 0.000000 0.000000
0.000000 0.000000 0.000000 0.000000 0.000000 0.000000 0.000000 0.000000 255.000000 236.000000 236.000000 234.000000 234.000000 235.000000 236.000000 235.000000 233.000000 230.000000 224.000000 255.000000 0.000000 0.000000 0.000000 0.000000 0.000000 0.000000 0.000000 0.000000
0.000000 0.000000 0.000000 0.000000 0.000000 0.000000 0.000000 29.000000 255.000000 236.000000 235.000000 232.000000 232.000000 233.000000 234.000000 234.000000 233.000000 229.000000 224.000000 255.000000 24.000000 0.000000 0.000000 0.000000 0.000000 0.000000 0.000000 0.000000
0.000000 0.000000 0.000000 0.000000 0.000000 0.000000 0.000000 56.000000 248.000000 236.000000 232.000000 231.000000 231.000000 230.000000 232.000000 235.000000 231.000000 226.000000 220.000000 255.000000 44.000000 0.000000 0.000000 0.000000 0.000000 0.000000 0.000000 0.000000
0.000000 0.000000 0.000000 0.000000 0.000000 0.000000 0.000000 81.000000 247.000000 238.000000 236.000000 232.000000 231.000000 231.000000 232.000000 233.000000 232.000000 228.000000 220.000000 255.000000 67.000000 0.000000 0.000000 0.000000 0.000000 0.000000 0.000000 0.000000
0.000000 0.000000 0.000000 0.000000 0.000000 0.000000 0.000000 70.000000 244.000000 236.000000 239.000000 233.000000 233.000000 232.000000 232.000000 231.000000 231.000000 230.000000 221.000000 255.000000 75.000000 0.000000 0.000000 0.000000 0.000000 0.000000 0.000000 0.000000
0.000000 0.000000 0.000000 0.000000 0.000000 0.000000 0.000000 24.000000 255.000000 234.000000 241.000000 235.000000 235.000000 233.000000 232.000000 230.000000 229.000000 228.000000 219.000000 255.000000 55.000000 0.000000 0.000000 0.000000 0.000000 0.000000 0.000000 0.000000
0.000000 0.000000 0.000000 0.000000 0.000000 0.000000 0.000000 0.000000 255.000000 239.000000 238.000000 235.000000 236.000000 233.000000 232.000000 229.000000 229.000000 229.000000 221.000000 255.000000 2.000000 0.000000 0.000000 0.000000 0.000000 0.000000 0.000000 0.000000
0.000000 0.000000 0.000000 0.000000 0.000000 0.000000 0.000000 0.000000 255.000000 242.000000 237.000000 234.000000 237.000000 232.000000 232.000000 230.000000 229.000000 230.000000 225.000000 254.000000 0.000000 0.000000 0.000000 0.000000 0.000000 0.000000 0.000000 0.000000
0.000000 0.000000 0.000000 0.000000 0.000000 0.000000 0.000000 0.000000 255.000000 241.000000 236.000000 234.000000 236.000000 232.000000 231.000000 229.000000 228.000000 232.000000 227.000000 250.000000 0.000000 0.000000 0.000000 0.000000 0.000000 0.000000 0.000000 0.000000
0.000000 0.000000 0.000000 0.000000 0.000000 0.000000 0.000000 12.000000 255.000000 241.000000 236.000000 236.000000 237.000000 233.000000 231.000000 231.000000 229.000000 233.000000 231.000000 255.000000 2.000000 0.000000 0.000000 0.000000 0.000000 0.000000 0.000000 0.000000
0.000000 0.000000 0.000000 0.000000 0.000000 0.000000 0.000000 29.000000 255.000000 240.000000 237.000000 237.000000 238.000000 233.000000 231.000000 233.000000 230.000000 233.000000 231.000000 255.000000 20.000000 0.000000 0.000000 0.000000 0.000000 0.000000 0.000000 0.000000
0.000000 0.000000 0.000000 0.000000 0.000000 0.000000 0.000000 43.000000 255.000000 241.000000 238.000000 238.000000 239.000000 233.000000 231.000000 232.000000 229.000000 233.000000 229.000000 255.000000 32.000000 0.000000 0.000000 0.000000 0.000000 0.000000 0.000000 0.000000
0.000000 0.000000 0.000000 0.000000 0.000000 0.000000 0.000000 61.000000 255.000000 240.000000 238.000000 238.000000 240.000000 234.000000 230.000000 232.000000 230.000000 234.000000 227.000000 255.000000 62.000000 0.000000 0.000000 0.000000 0.000000 0.000000 0.000000 0.000000
0.000000 0.000000 0.000000 0.000000 0.000000 0.000000 0.000000 75.000000 255.000000 240.000000 237.000000 239.000000 241.000000 235.000000 229.000000 233.000000 231.000000 235.000000 227.000000 255.000000 87.000000 0.000000 0.000000 0.000000 0.000000 0.000000 0.000000 0.000000
0.000000 0.000000 0.000000 0.000000 0.000000 0.000000 0.000000 87.000000 255.000000 241.000000 238.000000 240.000000 242.000000 235.000000 230.000000 235.000000 231.000000 234.000000 228.000000 255.000000 104.000000 0.000000 0.000000 0.000000 0.000000 0.000000 0.000000 0.000000
0.000000 0.000000 0.000000 0.000000 0.000000 0.000000 0.000000 101.000000 255.000000 241.000000 238.000000 241.000000 242.000000 235.000000 230.000000 237.000000 234.000000 232.000000 230.000000 255.000000 117.000000 0.000000 0.000000 0.000000 0.000000 0.000000 0.000000 0.000000
0.000000 0.000000 0.000000 0.000000 0.000000 0.000000 0.000000 112.000000 255.000000 236.000000 238.000000 242.000000 242.000000 235.000000 231.000000 237.000000 239.000000 232.000000 231.000000 255.000000 128.000000 0.000000 0.000000 0.000000 0.000000 0.000000 0.000000 0.000000
0.000000 0.000000 0.000000 0.000000 0.000000 0.000000 0.000000 120.000000 255.000000 236.000000 240.000000 244.000000 241.000000 235.000000 232.000000 236.000000 241.000000 232.000000 229.000000 255.000000 146.000000 0.000000 0.000000 0.000000 0.000000 0.000000 0.000000 0.000000
0.000000 0.000000 0.000000 0.000000 0.000000 0.000000 0.000000 140.000000 255.000000 240.000000 245.000000 245.000000 241.000000 237.000000 234.000000 238.000000 244.000000 233.000000 231.000000 237.000000 167.000000 0.000000 0.000000 0.000000 0.000000 0.000000 0.000000 0.000000
0.000000 0.000000 0.000000 0.000000 0.000000 0.000000 0.000000 183.000000 251.000000 239.000000 239.000000 233.000000 235.000000 231.000000 225.000000 233.000000 235.000000 232.000000 228.000000 236.000000 205.000000 0.000000 0.000000 0.000000 0.000000 0.000000 0.000000 0.000000
0.000000 0.000000 0.000000 0.000000 0.000000 0.000000 0.000000 164.000000 255.000000 251.000000 255.000000 255.000000 255.000000 255.000000 255.000000 255.000000 255.000000 251.000000 246.000000 255.000000 107.000000 0.000000 0.000000 0.000000 0.000000 0.000000 0.000000 0.000000
0.000000 0.000000 0.000000 0.000000 0.000000 0.000000 0.000000 0.000000 65.000000 100.000000 129.000000 138.000000 153.000000 164.000000 162.000000 160.000000 156.000000 131.000000 105.000000 15.000000 0.000000 0.000000 0.000000 0.000000 0.000000 0.000000 0.000000 0.000000
