0.000000 0.000000 0.000000 0.000000 0.000000 0.000000 0.000000 0.000000 0.000000 0.000000 0.000000 0.000000 0.000000 0.000000 0.000000 0.000000 0.000000 0.000000 0.000000 0.000000 0.000000 0.000000 0.000000 0.000000 0.000000 0.000000 0.000000 0.000000
0.000000 0.000000 0.000000 0.000000 0.000000 0.000000 0.000000 0.000000 0.000000 0.000000 0.000000 0.000000 0.000000 0.000000 0.000000 0.000000 0.000000 0.000000 0.000000 0.000000 0.000000 0.000000 0.000000 0.000000 0.000000 0.000000 0.000000 0.000000
0.000000 0.000000 0.000000 0.000000 0.000000 0.000000 0.000000 0.000000 0.000000 0.000000 0.000000 0.000000 0.000000 0.000000 0.000000 0.000000 0.000000 0.000000 0.000000 0.000000 0.000000 0.000000 0.000000 0.000000 0.000000 0.000000 0.000000 0.000000
0.000000 0.000000 0.000000 0.000000 0.000000 0.000000 0.000000 0.000000 0.000000 0.000000 0.000000 0.000000 0.000000 0.000000 0.000000 0.000000 0.000000 0.000000 0.000000 0.000000 0.000000 0.000000 0.000000 0.000000 0.000000 0.000000 0.000000 0.000000
0.000000 0.000000 0.000000 0.000000 0.000000 0.000000 0.000000 0.000000 0.000000 0.000000 0.000000 0.000000 0.000000 0.000000 0.000000 0.000000 0.000000 0.000000 0.000000 0.000000 0.000000 0.000000 0.000000 0.000000 0.000000 0.000000 0.000000 0.000000
0.000000 0.000000 0.000000 0.000000 0.000000 0.000000 0.000000 0.000000 0.000000 0.000000 0.000000 0.000000 0.000000 0.000000 0.000000 0.000000 0.000000 0.000000 0.000000 0.000000 0.000000 0.000000 0.000000 0.000000 0.000000 0.000000 0.000000 0.000000
0.000000 0.000000 0.000000 0.000000 0.000000 0.000000 0.000000 0.000000 0.000000 0.000000 0.000000 0.000000 0.000000 0.000000 0.000000 0.000000 0.000000 0.000000 0.000000 0.000000 0.000000 0.000000 0.000000 0.000000 0.000000 0.000000 0.000000 0.000000
0.000000 0.000000 0.000000 0.000000 0.000000 0.000000 0.000000 0.000000 0.000000 0.000000 0.000000 0.000000 0.000000 0.000000 0.000000 0.000000 0.000000 0.000000 0.000000 0.000000 0.000000 0.000000 0.000000 0.000000 0.000000 0.000000 0.000000 0.000000
0.000000 0.000000 0.000000 0.000000 0.000000 0.000000 0.000000 0.000000 0.000000 0.000000 0.000000 0.000000 0.000000 0.000000 0.000000 0.000000 0.000000 0.000000 0.000000 0.000000 5.000000 46.000000 59.000000 81.000000 67.000000 97.000000 29.000000 0.000000
0.000000 0.000000 0.000000 0.000000 0.000000 0.000000 0.000000 0.000000 0.000000 0.000000 0.000000 2.000000 0.000000 0.000000 43.000000 81.000000 73.000000 81.000000 46.000000 16.000000 73.000000 70.000000 35.000000 48.000000 40.000000 56.000000 111.000000 0.000000
0.000000 0.000000 0.000000 0.000000 0.000000 0.000000 0.000000 0.000000 2.000000 2.000000 2.000000 0.000000 0.000000 70.000000 84.000000 24.000000 0.000000 32.000000 75.000000 108.000000 165.000000 97.000000 29.000000 75.000000 84.000000 108.000000 108.000000 0.000000
0.000000 0.000000 0.000000 0.000000 0.000000 0.000000 0.000000 0.000000 0.000000 0.000000 0.000000 67.000000 214.000000 217.000000 176.000000 168.000000 165.000000 149.000000 143.000000 84.000000 122.000000 170.000000 168.000000 184.000000 179.000000 127.000000 59.000000 0.000000
0.000000 0.000000 0.000000 0.000000 2.000000 0.000000 0.000000 0.000000 0.000000 0.000000 0.000000 255.000000 116.000000 21.000000 0.000000 13.000000 54.000000 138.000000 143.000000 40.000000 81.000000 157.000000 151.000000 108.000000 73.000000 0.000000 0.000000 0.000000
0.000000 0.000000 0.000000 0.000000 0.000000 0.000000 0.000000 27.000000 86.000000 24.000000 122.000000 238.000000 0.000000 54.000000 0.000000 0.000000 0.000000 0.000000 75.000000 73.000000 170.000000 56.000000 0.000000 0.000000 0.000000 0.000000 2.000000 0.000000
0.000000 0.000000 0.000000 0.000000 0.000000 78.000000 105.000000 132.000000 116.000000 18.000000 225.000000 170.000000 0.000000 65.000000 0.000000 0.000000 10.000000 0.000000 124.000000 206.000000 168.000000 67.000000 0.000000 2.000000 2.000000 0.000000 2.000000 0.000000
5.000000 5.000000 8.000000 2.000000 0.000000 105.000000 105.000000 51.000000 78.000000 0.000000 246.000000 160.000000 0.000000 111.000000 0.000000 0.000000 0.000000 0.000000 18.000000 165.000000 130.000000 92.000000 0.000000 8.000000 0.000000 0.000000 0.000000 0.000000
0.000000 0.000000 0.000000 0.000000 0.000000 43.000000 78.000000 24.000000 51.000000 0.000000 141.000000 181.000000 2.000000 160.000000 0.000000 0.000000 18.000000 18.000000 67.000000 146.000000 116.000000 40.000000 0.000000 0.000000 0.000000 0.000000 0.000000 0.000000
51.000000 100.000000 81.000000 81.000000 59.000000 89.000000 143.000000 35.000000 56.000000 40.000000 111.000000 198.000000 56.000000 122.000000 124.000000 168.000000 187.000000 168.000000 162.000000 43.000000 0.000000 84.000000 143.000000 130.000000 124.000000 111.000000 105.000000 130.000000
119.000000 151.000000 149.000000 138.000000 143.000000 151.000000 138.000000 132.000000 116.000000 111.000000 113.000000 157.000000 89.000000 89.000000 122.000000 119.000000 92.000000 81.000000 138.000000 97.000000 8.000000 103.000000 138.000000 122.000000 105.000000 108.000000 111.000000 127.000000
27.000000 16.000000 46.000000 56.000000 56.000000 73.000000 84.000000 124.000000 103.000000 113.000000 103.000000 124.000000 100.000000 100.000000 84.000000 51.000000 40.000000 24.000000 21.000000 43.000000 65.000000 32.000000 2.000000 8.000000 16.000000 21.000000 18.000000 37.000000
0.000000 8.000000 5.000000 16.000000 27.000000 18.000000 46.000000 27.000000 35.000000 24.000000 35.000000 37.000000 16.000000 27.000000 8.000000 21.000000 8.000000 5.000000 46.000000 13.000000 21.000000 51.000000 40.000000 37.000000 48.000000 48.000000 54.000000 46.000000
0.000000 0.000000 0.000000 0.000000 0.000000 0.000000 0.000000 0.000000 0.000000 0.000000 0.000000 0.000000 0.000000 0.000000 0.000000 0.000000 0.000000 0.000000 0.000000 0.000000 0.000000 0.000000 0.000000 0.000000 0.000000 0.000000 0.000000 0.000000
0.000000 0.000000 0.000000 0.000000 0.000000 0.000000 0.000000 0.000000 0.000000 0.000000 0.000000 0.000000 0.000000 0.000000 0.000000 0.000000 0.000000 0.000000 0.000000 0.000000 0.000000 0.000000 0.000000 0.000000 0.000000 0.000000 0.000000 0.000000
0.000000 0.000000 0.000000 0.000000 0.000000 0.000000 0.000000 0.000000 0.000000 0.000000 0.000000 0.000000 0.000000 0.000000 0.000000 0.000000 0.000000 0.000000 0.000000 0.000000 0.000000 0.000000 0.000000 0.000000 0.000000 0.000000 0.000000 0.000000
0.000000 0.000000 0.000000 0.000000 0.000000 0.000000 0.000000 0.000000 0.000000 0.000000 0.000000 0.000000 0.000000 0.000000 0.000000 0.000000 0.000000 0.000000 0.000000 0.000000 0.000000 0.000000 0.000000 0.000000 0.000000 0.000000 0.000000 0.000000
0.000000 0.000000 0.000000 0.000000 0.000000 0.000000 0.000000 0.000000 0.000000 0.000000 0.000000 0.000000 0.000000 0.000000 0.000000 0.000000 0.000000 0.000000 0.000000 0.000000 0.000000 0.000000 0.000000 0.000000 0.000000 0.000000 0.000000 0.000000
0.000000 0.000000 0.000000 0.000000 0.000000 0.000000 0.000000 0.000000 0.000000 0.000000 0.000000 0.000000 0.000000 0.000000 0.000000 0.000000 0.000000 0.000000 0.000000 0.000000 0.000000 0.000000 0.000000 0.000000 0.000000 0.000000 0.000000 0.000000
0.000000 0.000000 0.000000 0.000000 0.000000 0.000000 0.000000 0.000000 0.000000 0.000000 0.000000 0.000000 0.000000 0.000000 0.000000 0.000000 0.000000 0.000000 0.000000 0.000000 0.000000 0.000000 0.000000 0.000000 0.000000 0.000000 0.000000 0.000000
