0.000000 0.000000 0.000000 0.000000 0.000000 0.000000 0.000000 0.000000 0.000000 0.000000 0.000000 0.000000 0.000000 0.000000 0.000000 0.000000 0.000000 0.000000 0.000000 0.000000 0.000000 0.000000 0.000000 0.000000 0.000000 0.000000 0.000000 0.000000
0.000000 0.000000 0.000000 0.000000 0.000000 0.000000 0.000000 0.000000 0.000000 0.000000 0.000000 0.000000 0.000000 0.000000 0.000000 0.000000 0.000000 0.000000 0.000000 0.000000 0.000000 0.000000 0.000000 0.000000 0.000000 0.000000 0.000000 0.000000
0.000000 0.000000 0.000000 0.000000 0.000000 0.000000 0.000000 0.000000 0.000000 0.000000 0.000000 0.000000 0.000000 0.000000 0.000000 0.000000 0.000000 0.000000 0.000000 0.000000 0.000000 0.000000 0.000000 0.000000 0.000000 0.000000 0.000000 0.000000
0.000000 0.000000 0.000000 0.000000 0.000000 0.000000 0.000000 0.000000 0.000000 0.000000 0.000000 0.000000 0.000000 0.000000 0.000000 0.000000 0.000000 0.000000 0.000000 0.000000 0.000000 0.000000 0.000000 0.000000 0.000000 0.000000 0.000000 0.000000
0.000000 0.000000 0.000000 0.000000 0.000000 0.000000 0.000000 0.000000 0.000000 0.000000 0.000000 0.000000 0.000000 0.000000 0.000000 0.000000 0.000000 0.000000 0.000000 0.000000 0.000000 0.000000 0.000000 0.000000 0.000000 0.000000 0.000000 0.000000
0.000000 0.000000 0.000000 0.000000 0.000000 0.000000 0.000000 0.000000 0.000000 0.000000 0.000000 0.000000 0.000000 0.000000 1.000000 0.000000 0.000000 217.000000 122.000000 8.000000 0.000000 0.000000 0.000000 0.000000 0.000000 0.000000 0.000000 0.000000
0.000000 0.000000 0.000000 0.000000 0.000000 0.000000 0.000000 0.000000 0.000000 0.000000 0.000000 0.000000 0.000000 0.000000 3.000000 0.000000 51.000000 236.000000 230.000000 255.000000 201.000000 133.000000 52.000000 0.000000 0.000000 0.000000 0.000000 0.000000
0.000000 0.000000 0.000000 0.000000 0.000000 0.000000 0.000000 0.000000 0.000000 0.000000 0.000000 0.000000 0.000000 0.000000 0.000000 0.000000 206.000000 212.000000 211.000000 225.000000 235.000000 241.000000 241.000000 215.000000 173.000000 82.000000 0.000000 0.000000
0.000000 0.000000 0.000000 0.000000 0.000000 0.000000 0.000000 0.000000 0.000000 0.000000 0.000000 0.000000 0.000000 4.000000 0.000000 0.000000 241.000000 222.000000 225.000000 223.000000 216.000000 218.000000 219.000000 222.000000 252.000000 198.000000 0.000000 0.000000
0.000000 0.000000 0.000000 0.000000 0.000000 0.000000 0.000000 0.000000 0.000000 0.000000 0.000000 0.000000 0.000000 0.000000 0.000000 43.000000 88.000000 246.000000 216.000000 223.000000 225.000000 224.000000 223.000000 219.000000 229.000000 206.000000 0.000000 0.000000
0.000000 0.000000 0.000000 0.000000 0.000000 0.000000 0.000000 0.000000 0.000000 0.000000 0.000000 0.000000 0.000000 0.000000 0.000000 185.000000 255.000000 222.000000 218.000000 226.000000 224.000000 223.000000 225.000000 214.000000 236.000000 217.000000 0.000000 0.000000
0.000000 0.000000 0.000000 0.000000 0.000000 0.000000 0.000000 0.000000 0.000000 0.000000 0.000000 2.000000 0.000000 0.000000 95.000000 139.000000 218.000000 223.000000 222.000000 223.000000 221.000000 223.000000 222.000000 221.000000 232.000000 231.000000 0.000000 0.000000
0.000000 0.000000 0.000000 0.000000 0.000000 0.000000 0.000000 0.000000 2.000000 6.000000 6.000000 0.000000 0.000000 0.000000 101.000000 255.000000 225.000000 219.000000 223.000000 223.000000 224.000000 227.000000 221.000000 216.000000 223.000000 255.000000 0.000000 0.000000
0.000000 0.000000 0.000000 0.000000 0.000000 0.000000 1.000000 0.000000 5.000000 0.000000 0.000000 3.000000 0.000000 205.000000 217.000000 217.000000 219.000000 225.000000 221.000000 222.000000 223.000000 222.000000 216.000000 227.000000 220.000000 248.000000 89.000000 0.000000
0.000000 0.000000 0.000000 1.000000 2.000000 3.000000 0.000000 0.000000 0.000000 15.000000 33.000000 66.000000 229.000000 162.000000 220.000000 224.000000 221.000000 222.000000 223.000000 223.000000 224.000000 227.000000 235.000000 227.000000 203.000000 217.000000 225.000000 0.000000
1.000000 0.000000 0.000000 0.000000 0.000000 0.000000 0.000000 0.000000 86.000000 120.000000 255.000000 155.000000 247.000000 203.000000 189.000000 219.000000 228.000000 224.000000 226.000000 226.000000 230.000000 233.000000 199.000000 161.000000 169.000000 198.000000 255.000000 26.000000
0.000000 0.000000 0.000000 0.000000 47.000000 104.000000 211.000000 185.000000 220.000000 224.000000 212.000000 233.000000 224.000000 193.000000 199.000000 206.000000 227.000000 221.000000 223.000000 230.000000 220.000000 183.000000 172.000000 164.000000 172.000000 197.000000 253.000000 5.000000
11.000000 188.000000 189.000000 214.000000 229.000000 238.000000 228.000000 229.000000 220.000000 218.000000 226.000000 211.000000 226.000000 211.000000 194.000000 201.000000 221.000000 233.000000 224.000000 230.000000 208.000000 187.000000 192.000000 178.000000 170.000000 187.000000 223.000000 109.000000
194.000000 223.000000 206.000000 216.000000 214.000000 216.000000 219.000000 217.000000 225.000000 225.000000 226.000000 226.000000 228.000000 218.000000 193.000000 188.000000 202.000000 218.000000 218.000000 219.000000 206.000000 208.000000 209.000000 209.000000 211.000000 216.000000 236.000000 93.000000
124.000000 198.000000 203.000000 189.000000 184.000000 190.000000 204.000000 205.000000 208.000000 212.000000 210.000000 214.000000 212.000000 213.000000 210.000000 214.000000 227.000000 234.000000 255.000000 252.000000 248.000000 225.000000 211.000000 193.000000 163.000000 130.000000 81.000000 0.000000
0.000000 14.000000 100.000000 184.000000 218.000000 225.000000 235.000000 220.000000 229.000000 228.000000 229.000000 230.000000 228.000000 255.000000 255.000000 225.000000 165.000000 98.000000 29.000000 8.000000 0.000000 0.000000 0.000000 0.000000 0.000000 0.000000 1.000000 0.000000
0.000000 0.000000 0.000000 0.000000 3.000000 25.000000 65.000000 94.000000 100.000000 104.000000 105.000000 81.000000 50.000000 23.000000 0.000000 0.000000 0.000000 0.000000 0.000000 7.000000 4.000000 17.000000 19.000000 25.000000 29.000000 39.000000 29.000000 0.000000
0.000000 0.000000 1.000000 0.000000 0.000000 0.000000 0.000000 0.000000 0.000000 0.000000 0.000000 0.000000 0.000000 0.000000 3.000000 11.000000 13.000000 14.000000 11.000000 10.000000 9.000000 10.000000 5.000000 4.000000 2.000000 2.000000 0.000000 0.000000
0.000000 0.000000 0.000000 0.000000 0.000000 0.000000 0.000000 0.000000 0.000000 0.000000 0.000000 0.000000 0.000000 0.000000 0.000000 0.000000 0.000000 0.000000 0.000000 0.000000 0.000000 0.000000 0.000000 0.000000 0.000000 0.000000 0.000000 0.000000
0.000000 0.000000 0.000000 0.000000 0.000000 0.000000 0.000000 0.000000 0.000000 0.000000 0.000000 0.000000 0.000000 0.000000 0.000000 0.000000 0.000000 0.000000 0.000000 0.000000 0.000000 0.000000 0.000000 0.000000 0.000000 0.000000 0.000000 0.000000
0.000000 0.000000 0.000000 0.000000 0.000000 0.000000 0.000000 0.000000 0.000000 0.000000 0.000000 0.000000 0.000000 0.000000 0.000000 0.000000 0.000000 0.000000 0.000000 0.000000 0.000000 0.000000 0.000000 0.000000 0.000000 0.000000 0.000000 0.000000
0.000000 0.000000 0.000000 0.000000 0.000000 0.000000 0.000000 0.000000 0.000000 0.000000 0.000000 0.000000 0.000000 0.000000 0.000000 0.000000 0.000000 0.000000 0.000000 0.000000 0.000000 0.000000 0.000000 0.000000 0.000000 0.000000 0.000000 0.000000
0.000000 0.000000 0.000000 0.000000 0.000000 0.000000 0.000000 0.000000 0.000000 0.000000 0.000000 0.000000 0.000000 0.000000 0.000000 0.000000 0.000000 0.000000 0.000000 0.000000 0.000000 0.000000 0.000000 0.000000 0.000000 0.000000 0.000000 0.000000
