0.000000 0.000000 0.000000 0.000000 0.000000 0.000000 0.000000 0.000000 0.000000 152.000000 226.000000 197.000000 203.000000 204.000000 198.000000 195.000000 195.000000 194.000000 199.000000 0.000000 0.000000 0.000000 0.000000 0.000000 0.000000 0.000000 0.000000 0.000000
0.000000 0.000000 0.000000 0.000000 0.000000 0.000000 0.000000 0.000000 0.000000 211.000000 229.000000 216.000000 220.000000 217.000000 217.000000 215.000000 213.000000 209.000000 216.000000 0.000000 0.000000 0.000000 0.000000 0.000000 0.000000 0.000000 0.000000 0.000000
0.000000 0.000000 0.000000 0.000000 0.000000 0.000000 0.000000 0.000000 0.000000 245.000000 214.000000 210.000000 211.000000 208.000000 210.000000 211.000000 202.000000 204.000000 226.000000 41.000000 0.000000 0.000000 0.000000 0.000000 0.000000 0.000000 0.000000 0.000000
0.000000 0.000000 0.000000 0.000000 0.000000 0.000000 0.000000 0.000000 61.000000 253.000000 211.000000 214.000000 209.000000 210.000000 210.000000 213.000000 205.000000 208.000000 237.000000 111.000000 0.000000 0.000000 0.000000 0.000000 0.000000 0.000000 0.000000 0.000000
0.000000 0.000000 0.000000 0.000000 0.000000 0.000000 0.000000 0.000000 115.000000 247.000000 209.000000 214.000000 208.000000 209.000000 209.000000 214.000000 208.000000 211.000000 216.000000 156.000000 0.000000 0.000000 0.000000 0.000000 0.000000 0.000000 0.000000 0.000000
0.000000 0.000000 0.000000 0.000000 0.000000 0.000000 0.000000 0.000000 139.000000 239.000000 206.000000 208.000000 207.000000 209.000000 208.000000 216.000000 209.000000 212.000000 197.000000 178.000000 0.000000 0.000000 0.000000 0.000000 0.000000 0.000000 0.000000 0.000000
0.000000 0.000000 0.000000 0.000000 0.000000 0.000000 0.000000 0.000000 147.000000 233.000000 203.000000 207.000000 207.000000 208.000000 210.000000 220.000000 207.000000 211.000000 200.000000 184.000000 0.000000 0.000000 0.000000 0.000000 0.000000 0.000000 0.000000 0.000000
0.000000 0.000000 0.000000 0.000000 0.000000 0.000000 0.000000 0.000000 145.000000 230.000000 207.000000 206.000000 208.000000 204.000000 217.000000 218.000000 209.000000 208.000000 196.000000 180.000000 0.000000 0.000000 0.000000 0.000000 0.000000 0.000000 0.000000 0.000000
0.000000 0.000000 0.000000 0.000000 0.000000 0.000000 0.000000 0.000000 141.000000 229.000000 206.000000 207.000000 206.000000 211.000000 249.000000 221.000000 207.000000 204.000000 200.000000 176.000000 0.000000 0.000000 0.000000 0.000000 0.000000 0.000000 0.000000 0.000000
0.000000 0.000000 0.000000 0.000000 0.000000 0.000000 0.000000 0.000000 116.000000 236.000000 202.000000 206.000000 211.000000 198.000000 167.000000 238.000000 200.000000 206.000000 203.000000 167.000000 0.000000 0.000000 0.000000 0.000000 0.000000 0.000000 0.000000 0.000000
0.000000 0.000000 0.000000 0.000000 0.000000 0.000000 0.000000 0.000000 91.000000 243.000000 202.000000 202.000000 221.000000 186.000000 87.000000 252.000000 199.000000 205.000000 205.000000 154.000000 0.000000 0.000000 0.000000 0.000000 0.000000 0.000000 0.000000 0.000000
0.000000 0.000000 0.000000 0.000000 0.000000 0.000000 0.000000 0.000000 57.000000 248.000000 203.000000 198.000000 230.000000 165.000000 106.000000 253.000000 196.000000 202.000000 213.000000 132.000000 0.000000 0.000000 0.000000 0.000000 0.000000 0.000000 0.000000 0.000000
0.000000 0.000000 0.000000 0.000000 0.000000 0.000000 0.000000 0.000000 11.000000 244.000000 203.000000 196.000000 239.000000 139.000000 95.000000 253.000000 196.000000 203.000000 218.000000 101.000000 0.000000 0.000000 0.000000 0.000000 0.000000 0.000000 0.000000 0.000000
0.000000 0.000000 0.000000 0.000000 0.000000 0.000000 0.000000 0.000000 0.000000 236.000000 205.000000 196.000000 238.000000 150.000000 82.000000 253.000000 193.000000 200.000000 217.000000 76.000000 0.000000 0.000000 0.000000 0.000000 0.000000 0.000000 0.000000 0.000000
0.000000 0.000000 0.000000 0.000000 0.000000 0.000000 0.000000 0.000000 0.000000 223.000000 207.000000 199.000000 247.000000 117.000000 44.000000 254.000000 201.000000 199.000000 219.000000 27.000000 0.000000 0.000000 0.000000 0.000000 0.000000 0.000000 0.000000 0.000000
0.000000 0.000000 0.000000 0.000000 0.000000 0.000000 0.000000 0.000000 0.000000 200.000000 211.000000 198.000000 251.000000 72.000000 19.000000 254.000000 200.000000 201.000000 209.000000 0.000000 0.000000 0.000000 0.000000 0.000000 0.000000 0.000000 0.000000 0.000000
0.000000 0.000000 0.000000 0.000000 0.000000 0.000000 0.000000 0.000000 0.000000 171.000000 214.000000 198.000000 251.000000 69.000000 0.000000 255.000000 203.000000 203.000000 192.000000 0.000000 0.000000 0.000000 0.000000 0.000000 0.000000 0.000000 0.000000 0.000000
0.000000 0.000000 0.000000 0.000000 0.000000 0.000000 0.000000 0.000000 0.000000 145.000000 217.000000 196.000000 252.000000 63.000000 0.000000 253.000000 203.000000 204.000000 164.000000 0.000000 0.000000 0.000000 0.000000 0.000000 0.000000 0.000000 0.000000 0.000000
0.000000 0.000000 0.000000 0.000000 0.000000 0.000000 0.000000 0.000000 0.000000 106.000000 219.000000 199.000000 252.000000 0.000000 0.000000 254.000000 206.000000 205.000000 140.000000 0.000000 0.000000 0.000000 0.000000 0.000000 0.000000 0.000000 0.000000 0.000000
0.000000 0.000000 0.000000 0.000000 0.000000 0.000000 0.000000 0.000000 0.000000 66.000000 218.000000 201.000000 252.000000 0.000000 0.000000 252.000000 207.000000 206.000000 122.000000 0.000000 0.000000 0.000000 0.000000 0.000000 0.000000 0.000000 0.000000 0.000000
0.000000 0.000000 0.000000 0.000000 0.000000 0.000000 0.000000 0.000000 0.000000 49.000000 217.000000 202.000000 252.000000 0.000000 0.000000 238.000000 211.000000 205.000000 112.000000 0.000000 0.000000 0.000000 0.000000 0.000000 0.000000 0.000000 0.000000 0.000000
0.000000 0.000000 0.000000 0.000000 0.000000 0.000000 0.000000 0.000000 0.000000 33.000000 213.000000 203.000000 252.000000 0.000000 0.000000 242.000000 211.000000 207.000000 97.000000 0.000000 0.000000 0.000000 0.000000 0.000000 0.000000 0.000000 0.000000 0.000000
0.000000 0.000000 0.000000 0.000000 0.000000 0.000000 0.000000 0.000000 0.000000 16.000000 211.000000 204.000000 252.000000 0.000000 0.000000 241.000000 209.000000 208.000000 73.000000 0.000000 0.000000 0.000000 0.000000 0.000000 0.000000 0.000000 0.000000 0.000000
0.000000 0.000000 0.000000 0.000000 0.000000 0.000000 0.000000 0.000000 0.000000 16.000000 210.000000 207.000000 249.000000 0.000000 0.000000 237.000000 210.000000 205.000000 58.000000 0.000000 0.000000 0.000000 0.000000 0.000000 0.000000 0.000000 0.000000 0.000000
0.000000 0.000000 0.000000 0.000000 0.000000 0.000000 0.000000 0.000000 0.000000 16.000000 211.000000 208.000000 243.000000 0.000000 0.000000 233.000000 212.000000 205.000000 47.000000 0.000000 0.000000 0.000000 0.000000 0.000000 0.000000 0.000000 0.000000 0.000000
0.000000 0.000000 0.000000 0.000000 0.000000 0.000000 0.000000 0.000000 0.000000 10.000000 209.000000 210.000000 237.000000 0.000000 0.000000 211.000000 216.000000 203.000000 42.000000 0.000000 0.000000 0.000000 0.000000 0.000000 0.000000 0.000000 0.000000 0.000000
0.000000 0.000000 0.000000 0.000000 0.000000 0.000000 0.000000 0.000000 0.000000 16.000000 218.000000 215.000000 238.000000 0.000000 0.000000 213.000000 217.000000 211.000000 55.000000 0.000000 0.000000 0.000000 0.000000 0.000000 0.000000 0.000000 0.000000 0.000000
0.000000 0.000000 0.000000 0.000000 0.000000 0.000000 0.000000 0.000000 0.000000 0.000000 172.000000 217.000000 184.000000 0.000000 0.000000 125.000000 213.000000 172.000000 19.000000 0.000000 0.000000 0.000000 0.000000 0.000000 0.000000 0.000000 0.000000 0.000000
