0.000000 0.000000 0.000000 0.000000 0.000000 0.000000 0.000000 0.000000 0.000000 0.000000 0.000000 0.000000 0.000000 0.000000 0.000000 0.000000 0.000000 0.000000 0.000000 0.000000 0.000000 0.000000 0.000000 0.000000 0.000000 0.000000 0.000000 0.000000
0.000000 0.000000 0.000000 0.000000 0.000000 0.000000 0.000000 0.000000 0.000000 0.000000 0.000000 0.000000 0.000000 0.000000 0.000000 0.000000 0.000000 0.000000 0.000000 0.000000 0.000000 0.000000 0.000000 0.000000 0.000000 0.000000 0.000000 0.000000
0.000000 0.000000 0.000000 0.000000 0.000000 0.000000 0.000000 0.000000 0.000000 0.000000 0.000000 0.000000 0.000000 0.000000 0.000000 0.000000 0.000000 0.000000 0.000000 0.000000 0.000000 0.000000 0.000000 0.000000 0.000000 0.000000 0.000000 0.000000
0.000000 0.000000 0.000000 0.000000 0.000000 0.000000 0.000000 0.000000 0.000000 0.000000 0.000000 0.000000 0.000000 0.000000 0.000000 0.000000 0.000000 0.000000 0.000000 0.000000 0.000000 0.000000 0.000000 0.000000 0.000000 0.000000 0.000000 0.000000
0.000000 0.000000 0.000000 0.000000 0.000000 0.000000 0.000000 0.000000 0.000000 0.000000 0.000000 0.000000 0.000000 0.000000 0.000000 0.000000 0.000000 0.000000 0.000000 0.000000 0.000000 0.000000 0.000000 0.000000 0.000000 0.000000 0.000000 0.000000
0.000000 0.000000 0.000000 0.000000 0.000000 0.000000 0.000000 0.000000 0.000000 0.000000 0.000000 0.000000 0.000000 0.000000 0.000000 0.000000 0.000000 0.000000 0.000000 0.000000 0.000000 0.000000 0.000000 0.000000 0.000000 0.000000 0.000000 0.000000
0.000000 0.000000 0.000000 0.000000 0.000000 0.000000 0.000000 0.000000 0.000000 0.000000 0.000000 0.000000 0.000000 0.000000 0.000000 0.000000 0.000000 0.000000 0.000000 0.000000 0.000000 0.000000 0.000000 0.000000 0.000000 0.000000 0.000000 0.000000
0.000000 0.000000 0.000000 0.000000 0.000000 0.000000 0.000000 0.000000 0.000000 0.000000 0.000000 0.000000 0.000000 0.000000 0.000000 0.000000 0.000000 0.000000 0.000000 0.000000 0.000000 0.000000 0.000000 0.000000 0.000000 0.000000 0.000000 0.000000
0.000000 0.000000 0.000000 0.000000 0.000000 0.000000 0.000000 0.000000 0.000000 0.000000 0.000000 0.000000 0.000000 0.000000 0.000000 0.000000 0.000000 0.000000 55.000000 33.000000 0.000000 2.000000 0.000000 2.000000 1.000000 1.000000 0.000000 0.000000
0.000000 0.000000 0.000000 0.000000 0.000000 0.000000 0.000000 0.000000 0.000000 0.000000 0.000000 1.000000 0.000000 0.000000 0.000000 1.000000 113.000000 148.000000 178.000000 123.000000 0.000000 0.000000 0.000000 0.000000 0.000000 0.000000 0.000000 0.000000
0.000000 0.000000 0.000000 0.000000 0.000000 0.000000 0.000000 0.000000 0.000000 0.000000 0.000000 0.000000 0.000000 0.000000 17.000000 139.000000 96.000000 111.000000 131.000000 185.000000 48.000000 0.000000 0.000000 0.000000 41.000000 133.000000 130.000000 0.000000
0.000000 0.000000 0.000000 0.000000 2.000000 1.000000 0.000000 0.000000 0.000000 0.000000 0.000000 15.000000 28.000000 84.000000 120.000000 115.000000 143.000000 148.000000 143.000000 150.000000 217.000000 172.000000 172.000000 236.000000 182.000000 160.000000 178.000000 0.000000
2.000000 1.000000 0.000000 0.000000 0.000000 0.000000 0.000000 0.000000 10.000000 67.000000 157.000000 36.000000 155.000000 130.000000 158.000000 145.000000 170.000000 170.000000 173.000000 174.000000 177.000000 202.000000 192.000000 193.000000 193.000000 179.000000 206.000000 31.000000
0.000000 0.000000 0.000000 0.000000 0.000000 33.000000 74.000000 110.000000 131.000000 170.000000 203.000000 113.000000 153.000000 188.000000 194.000000 190.000000 188.000000 195.000000 188.000000 188.000000 189.000000 183.000000 192.000000 195.000000 197.000000 192.000000 227.000000 35.000000
0.000000 0.000000 59.000000 123.000000 125.000000 144.000000 145.000000 138.000000 138.000000 136.000000 188.000000 216.000000 197.000000 163.000000 160.000000 179.000000 192.000000 184.000000 180.000000 192.000000 185.000000 190.000000 177.000000 179.000000 177.000000 162.000000 194.000000 62.000000
0.000000 148.000000 144.000000 131.000000 129.000000 128.000000 115.000000 124.000000 134.000000 134.000000 133.000000 160.000000 198.000000 194.000000 199.000000 155.000000 154.000000 178.000000 165.000000 173.000000 173.000000 159.000000 174.000000 165.000000 167.000000 174.000000 204.000000 86.000000
0.000000 66.000000 123.000000 143.000000 168.000000 170.000000 180.000000 169.000000 178.000000 180.000000 175.000000 177.000000 175.000000 193.000000 200.000000 213.000000 202.000000 185.000000 189.000000 193.000000 198.000000 203.000000 211.000000 213.000000 218.000000 197.000000 254.000000 84.000000
15.000000 23.000000 7.000000 8.000000 54.000000 91.000000 124.000000 153.000000 178.000000 180.000000 190.000000 208.000000 213.000000 214.000000 190.000000 180.000000 212.000000 203.000000 167.000000 163.000000 150.000000 143.000000 129.000000 123.000000 104.000000 84.000000 79.000000 3.000000
0.000000 12.000000 59.000000 55.000000 33.000000 18.000000 2.000000 0.000000 0.000000 0.000000 0.000000 0.000000 0.000000 0.000000 0.000000 0.000000 0.000000 0.000000 0.000000 0.000000 1.000000 1.000000 0.000000 8.000000 20.000000 32.000000 52.000000 7.000000
2.000000 0.000000 0.000000 0.000000 15.000000 35.000000 47.000000 67.000000 82.000000 82.000000 74.000000 69.000000 62.000000 60.000000 65.000000 65.000000 61.000000 54.000000 48.000000 51.000000 51.000000 51.000000 50.000000 54.000000 51.000000 54.000000 26.000000 0.000000
0.000000 0.000000 0.000000 0.000000 0.000000 0.000000 0.000000 0.000000 0.000000 0.000000 0.000000 0.000000 0.000000 0.000000 0.000000 0.000000 0.000000 0.000000 0.000000 0.000000 0.000000 0.000000 0.000000 0.000000 0.000000 0.000000 0.000000 0.000000
0.000000 0.000000 0.000000 0.000000 0.000000 0.000000 0.000000 0.000000 0.000000 0.000000 0.000000 0.000000 0.000000 0.000000 0.000000 0.000000 0.000000 0.000000 0.000000 0.000000 0.000000 0.000000 0.000000 0.000000 0.000000 0.000000 0.000000 0.000000
0.000000 0.000000 0.000000 0.000000 0.000000 0.000000 0.000000 0.000000 0.000000 0.000000 0.000000 0.000000 0.000000 0.000000 0.000000 0.000000 0.000000 0.000000 0.000000 0.000000 0.000000 0.000000 0.000000 0.000000 0.000000 0.000000 0.000000 0.000000
0.000000 0.000000 0.000000 0.000000 0.000000 0.000000 0.000000 0.000000 0.000000 0.000000 0.000000 0.000000 0.000000 0.000000 0.000000 0.000000 0.000000 0.000000 0.000000 0.000000 0.000000 0.000000 0.000000 0.000000 0.000000 0.000000 0.000000 0.000000
0.000000 0.000000 0.000000 0.000000 0.000000 0.000000 0.000000 0.000000 0.000000 0.000000 0.000000 0.000000 0.000000 0.000000 0.000000 0.000000 0.000000 0.000000 0.000000 0.000000 0.000000 0.000000 0.000000 0.000000 0.000000 0.000000 0.000000 0.000000
0.000000 0.000000 0.000000 0.000000 0.000000 0.000000 0.000000 0.000000 0.000000 0.000000 0.000000 0.000000 0.000000 0.000000 0.000000 0.000000 0.000000 0.000000 0.000000 0.000000 0.000000 0.000000 0.000000 0.000000 0.000000 0.000000 0.000000 0.000000
0.000000 0.000000 0.000000 0.000000 0.000000 0.000000 0.000000 0.000000 0.000000 0.000000 0.000000 0.000000 0.000000 0.000000 0.000000 0.000000 0.000000 0.000000 0.000000 0.000000 0.000000 0.000000 0.000000 0.000000 0.000000 0.000000 0.000000 0.000000
0.000000 0.000000 0.000000 0.000000 0.000000 0.000000 0.000000 0.000000 0.000000 0.000000 0.000000 0.000000 0.000000 0.000000 0.000000 0.000000 0.000000 0.000000 0.000000 0.000000 0.000000 0.000000 0.000000 0.000000 0.000000 0.000000 0.000000 0.000000
