0.000000 0.000000 0.000000 0.000000 0.000000 0.000000 0.000000 0.000000 0.000000 15.000000 100.000000 132.000000 103.000000 107.000000 113.000000 151.000000 188.000000 176.000000 166.000000 50.000000 0.000000 0.000000 0.000000 0.000000 0.000000 0.000000 0.000000 0.000000
0.000000 0.000000 0.000000 0.000000 0.000000 0.000000 0.000000 0.000000 47.000000 201.000000 229.000000 207.000000 116.000000 179.000000 255.000000 157.000000 195.000000 192.000000 160.000000 192.000000 91.000000 3.000000 0.000000 0.000000 0.000000 0.000000 0.000000 0.000000
0.000000 0.000000 0.000000 0.000000 0.000000 0.000000 78.000000 141.000000 119.000000 147.000000 182.000000 192.000000 163.000000 119.000000 113.000000 100.000000 154.000000 166.000000 141.000000 135.000000 163.000000 154.000000 110.000000 0.000000 0.000000 0.000000 0.000000 0.000000
0.000000 0.000000 0.000000 0.000000 0.000000 85.000000 135.000000 119.000000 107.000000 138.000000 129.000000 107.000000 116.000000 119.000000 119.000000 122.000000 110.000000 107.000000 138.000000 154.000000 122.000000 129.000000 144.000000 69.000000 0.000000 0.000000 0.000000 0.000000
0.000000 0.000000 0.000000 0.000000 0.000000 144.000000 122.000000 113.000000 125.000000 144.000000 132.000000 122.000000 103.000000 94.000000 88.000000 85.000000 91.000000 100.000000 107.000000 125.000000 119.000000 107.000000 113.000000 138.000000 0.000000 0.000000 0.000000 0.000000
0.000000 0.000000 0.000000 0.000000 9.000000 138.000000 125.000000 135.000000 132.000000 122.000000 103.000000 88.000000 85.000000 69.000000 69.000000 85.000000 94.000000 100.000000 94.000000 94.000000 116.000000 116.000000 110.000000 138.000000 15.000000 0.000000 0.000000 0.000000
0.000000 0.000000 0.000000 0.000000 50.000000 144.000000 122.000000 147.000000 129.000000 107.000000 88.000000 85.000000 81.000000 75.000000 85.000000 91.000000 97.000000 100.000000 100.000000 85.000000 116.000000 132.000000 113.000000 135.000000 59.000000 0.000000 0.000000 0.000000
0.000000 0.000000 0.000000 0.000000 81.000000 119.000000 110.000000 166.000000 141.000000 113.000000 88.000000 88.000000 97.000000 88.000000 85.000000 81.000000 75.000000 72.000000 91.000000 85.000000 100.000000 135.000000 116.000000 113.000000 72.000000 0.000000 0.000000 0.000000
0.000000 0.000000 0.000000 0.000000 85.000000 122.000000 75.000000 163.000000 163.000000 116.000000 94.000000 75.000000 78.000000 81.000000 94.000000 88.000000 97.000000 78.000000 75.000000 88.000000 94.000000 173.000000 110.000000 119.000000 91.000000 0.000000 0.000000 0.000000
0.000000 0.000000 0.000000 0.000000 91.000000 119.000000 50.000000 151.000000 204.000000 110.000000 107.000000 88.000000 85.000000 85.000000 94.000000 94.000000 94.000000 88.000000 88.000000 78.000000 110.000000 160.000000 100.000000 110.000000 110.000000 0.000000 0.000000 0.000000
0.000000 0.000000 0.000000 0.000000 113.000000 100.000000 72.000000 138.000000 207.000000 103.000000 116.000000 97.000000 88.000000 78.000000 62.000000 75.000000 66.000000 62.000000 72.000000 100.000000 78.000000 122.000000 103.000000 100.000000 122.000000 0.000000 0.000000 0.000000
0.000000 0.000000 0.000000 0.000000 132.000000 78.000000 100.000000 75.000000 151.000000 151.000000 103.000000 100.000000 81.000000 69.000000 69.000000 78.000000 69.000000 78.000000 69.000000 103.000000 69.000000 113.000000 110.000000 100.000000 119.000000 0.000000 0.000000 0.000000
0.000000 0.000000 0.000000 0.000000 135.000000 66.000000 100.000000 34.000000 147.000000 160.000000 103.000000 100.000000 75.000000 62.000000 75.000000 59.000000 66.000000 81.000000 69.000000 97.000000 69.000000 103.000000 116.000000 97.000000 113.000000 0.000000 0.000000 0.000000
0.000000 0.000000 0.000000 0.000000 138.000000 69.000000 100.000000 22.000000 122.000000 160.000000 97.000000 97.000000 78.000000 72.000000 78.000000 50.000000 59.000000 85.000000 66.000000 88.000000 69.000000 75.000000 116.000000 110.000000 119.000000 18.000000 0.000000 0.000000
0.000000 0.000000 0.000000 0.000000 141.000000 66.000000 107.000000 12.000000 122.000000 170.000000 100.000000 107.000000 94.000000 85.000000 94.000000 81.000000 75.000000 88.000000 72.000000 88.000000 85.000000 56.000000 129.000000 116.000000 110.000000 34.000000 0.000000 0.000000
0.000000 0.000000 0.000000 12.000000 141.000000 59.000000 100.000000 0.000000 125.000000 147.000000 100.000000 110.000000 103.000000 94.000000 91.000000 94.000000 81.000000 85.000000 81.000000 88.000000 91.000000 56.000000 132.000000 119.000000 103.000000 37.000000 0.000000 0.000000
0.000000 0.000000 0.000000 31.000000 138.000000 59.000000 97.000000 0.000000 147.000000 147.000000 97.000000 107.000000 97.000000 94.000000 88.000000 88.000000 91.000000 88.000000 85.000000 85.000000 91.000000 44.000000 125.000000 119.000000 110.000000 37.000000 0.000000 0.000000
0.000000 0.000000 0.000000 31.000000 135.000000 62.000000 91.000000 0.000000 176.000000 144.000000 100.000000 107.000000 97.000000 94.000000 88.000000 88.000000 88.000000 88.000000 85.000000 85.000000 100.000000 28.000000 125.000000 132.000000 97.000000 47.000000 0.000000 0.000000
0.000000 0.000000 0.000000 31.000000 132.000000 72.000000 85.000000 0.000000 185.000000 132.000000 100.000000 107.000000 97.000000 91.000000 88.000000 88.000000 88.000000 88.000000 85.000000 85.000000 103.000000 22.000000 97.000000 141.000000 97.000000 53.000000 0.000000 0.000000
0.000000 0.000000 0.000000 40.000000 129.000000 69.000000 78.000000 0.000000 188.000000 129.000000 110.000000 113.000000 103.000000 97.000000 91.000000 85.000000 88.000000 88.000000 94.000000 91.000000 107.000000 47.000000 91.000000 141.000000 97.000000 59.000000 0.000000 0.000000
0.000000 0.000000 0.000000 44.000000 122.000000 66.000000 81.000000 0.000000 173.000000 132.000000 107.000000 116.000000 125.000000 129.000000 107.000000 103.000000 107.000000 100.000000 100.000000 100.000000 119.000000 62.000000 88.000000 141.000000 97.000000 66.000000 0.000000 0.000000
0.000000 0.000000 0.000000 53.000000 122.000000 75.000000 78.000000 0.000000 141.000000 119.000000 107.000000 110.000000 113.000000 113.000000 100.000000 91.000000 91.000000 91.000000 94.000000 88.000000 119.000000 50.000000 56.000000 135.000000 100.000000 69.000000 0.000000 0.000000
0.000000 0.000000 0.000000 66.000000 116.000000 81.000000 75.000000 0.000000 132.000000 107.000000 78.000000 88.000000 94.000000 91.000000 81.000000 72.000000 66.000000 62.000000 59.000000 50.000000 88.000000 44.000000 34.000000 125.000000 100.000000 72.000000 0.000000 0.000000
0.000000 0.000000 0.000000 88.000000 110.000000 85.000000 59.000000 0.000000 91.000000 44.000000 0.000000 0.000000 0.000000 28.000000 0.000000 0.000000 0.000000 0.000000 0.000000 0.000000 0.000000 3.000000 25.000000 132.000000 103.000000 75.000000 0.000000 0.000000
0.000000 0.000000 0.000000 88.000000 107.000000 91.000000 44.000000 0.000000 59.000000 62.000000 0.000000 18.000000 15.000000 69.000000 18.000000 12.000000 15.000000 22.000000 6.000000 0.000000 81.000000 31.000000 3.000000 135.000000 100.000000 75.000000 0.000000 0.000000
0.000000 0.000000 0.000000 110.000000 119.000000 110.000000 47.000000 0.000000 6.000000 157.000000 28.000000 0.000000 0.000000 53.000000 15.000000 0.000000 0.000000 0.000000 0.000000 125.000000 207.000000 0.000000 25.000000 157.000000 110.000000 78.000000 0.000000 0.000000
0.000000 0.000000 0.000000 103.000000 122.000000 113.000000 25.000000 0.000000 0.000000 50.000000 160.000000 59.000000 56.000000 88.000000 69.000000 62.000000 88.000000 119.000000 141.000000 138.000000 0.000000 0.000000 31.000000 125.000000 103.000000 85.000000 0.000000 0.000000
0.000000 0.000000 0.000000 75.000000 132.000000 97.000000 0.000000 0.000000 0.000000 0.000000 0.000000 28.000000 37.000000 34.000000 69.000000 72.000000 85.000000 88.000000 47.000000 0.000000 0.000000 0.000000 15.000000 122.000000 113.000000 81.000000 0.000000 0.000000
