0.000000 0.000000 0.000000 0.000000 0.000000 0.000000 0.000000 0.000000 0.000000 0.000000 0.000000 0.000000 0.000000 0.000000 0.000000 0.000000 0.000000 0.000000 0.000000 0.000000 0.000000 0.000000 0.000000 0.000000 0.000000 0.000000 0.000000 0.000000
0.000000 0.000000 0.000000 0.000000 0.000000 0.000000 0.000000 0.000000 0.000000 0.000000 0.000000 0.000000 0.000000 0.000000 0.000000 0.000000 0.000000 0.000000 0.000000 0.000000 0.000000 0.000000 0.000000 0.000000 0.000000 0.000000 0.000000 0.000000
0.000000 0.000000 0.000000 0.000000 0.000000 0.000000 0.000000 0.000000 0.000000 0.000000 0.000000 0.000000 0.000000 0.000000 0.000000 0.000000 0.000000 0.000000 0.000000 0.000000 0.000000 0.000000 0.000000 0.000000 0.000000 0.000000 0.000000 0.000000
0.000000 0.000000 0.000000 0.000000 0.000000 0.000000 0.000000 0.000000 0.000000 0.000000 0.000000 0.000000 0.000000 0.000000 0.000000 0.000000 0.000000 0.000000 0.000000 0.000000 0.000000 0.000000 0.000000 0.000000 0.000000 0.000000 0.000000 0.000000
0.000000 0.000000 0.000000 0.000000 0.000000 0.000000 0.000000 0.000000 0.000000 0.000000 0.000000 0.000000 0.000000 0.000000 0.000000 0.000000 0.000000 0.000000 0.000000 0.000000 0.000000 0.000000 0.000000 0.000000 0.000000 0.000000 0.000000 0.000000
0.000000 0.000000 0.000000 0.000000 0.000000 0.000000 0.000000 0.000000 0.000000 0.000000 0.000000 0.000000 0.000000 0.000000 0.000000 0.000000 0.000000 0.000000 0.000000 0.000000 0.000000 0.000000 0.000000 0.000000 0.000000 0.000000 0.000000 0.000000
0.000000 0.000000 0.000000 0.000000 0.000000 0.000000 0.000000 0.000000 0.000000 0.000000 0.000000 0.000000 0.000000 0.000000 0.000000 0.000000 0.000000 0.000000 0.000000 0.000000 0.000000 0.000000 0.000000 0.000000 0.000000 0.000000 0.000000 0.000000
0.000000 0.000000 0.000000 0.000000 0.000000 0.000000 0.000000 0.000000 0.000000 0.000000 0.000000 0.000000 0.000000 0.000000 0.000000 0.000000 0.000000 0.000000 0.000000 0.000000 0.000000 0.000000 0.000000 0.000000 0.000000 0.000000 0.000000 0.000000
0.000000 0.000000 0.000000 0.000000 0.000000 0.000000 0.000000 0.000000 1.000000 2.000000 0.000000 0.000000 1.000000 0.000000 2.000000 0.000000 0.000000 67.000000 9.000000 0.000000 1.000000 1.000000 2.000000 1.000000 2.000000 0.000000 0.000000 0.000000
0.000000 0.000000 0.000000 0.000000 0.000000 0.000000 0.000000 0.000000 0.000000 0.000000 1.000000 2.000000 2.000000 0.000000 0.000000 65.000000 186.000000 188.000000 131.000000 0.000000 3.000000 0.000000 1.000000 2.000000 0.000000 114.000000 5.000000 0.000000
0.000000 0.000000 0.000000 0.000000 0.000000 0.000000 0.000000 0.000000 0.000000 1.000000 1.000000 0.000000 0.000000 55.000000 222.000000 205.000000 192.000000 170.000000 171.000000 0.000000 0.000000 0.000000 0.000000 0.000000 81.000000 241.000000 92.000000 0.000000
0.000000 0.000000 0.000000 0.000000 0.000000 0.000000 0.000000 0.000000 0.000000 0.000000 0.000000 74.000000 218.000000 218.000000 213.000000 200.000000 201.000000 167.000000 209.000000 97.000000 0.000000 14.000000 67.000000 132.000000 171.000000 197.000000 186.000000 0.000000
2.000000 0.000000 0.000000 1.000000 1.000000 2.000000 1.000000 0.000000 0.000000 0.000000 110.000000 253.000000 210.000000 199.000000 212.000000 215.000000 192.000000 205.000000 197.000000 197.000000 199.000000 234.000000 241.000000 193.000000 169.000000 192.000000 241.000000 24.000000
3.000000 2.000000 3.000000 3.000000 1.000000 0.000000 0.000000 48.000000 162.000000 192.000000 251.000000 195.000000 205.000000 196.000000 188.000000 223.000000 219.000000 213.000000 208.000000 209.000000 188.000000 136.000000 165.000000 183.000000 215.000000 206.000000 245.000000 67.000000
0.000000 0.000000 0.000000 0.000000 0.000000 94.000000 201.000000 199.000000 214.000000 206.000000 189.000000 187.000000 206.000000 219.000000 201.000000 223.000000 219.000000 223.000000 223.000000 197.000000 222.000000 245.000000 228.000000 180.000000 156.000000 201.000000 251.000000 96.000000
0.000000 16.000000 87.000000 101.000000 167.000000 234.000000 219.000000 178.000000 170.000000 189.000000 202.000000 171.000000 199.000000 215.000000 218.000000 212.000000 235.000000 212.000000 228.000000 230.000000 225.000000 217.000000 186.000000 174.000000 223.000000 228.000000 255.000000 80.000000
0.000000 158.000000 192.000000 148.000000 186.000000 175.000000 127.000000 119.000000 149.000000 175.000000 195.000000 184.000000 178.000000 221.000000 225.000000 232.000000 240.000000 234.000000 221.000000 218.000000 230.000000 228.000000 219.000000 235.000000 232.000000 219.000000 251.000000 46.000000
61.000000 165.000000 156.000000 175.000000 206.000000 213.000000 205.000000 186.000000 175.000000 158.000000 182.000000 175.000000 175.000000 209.000000 209.000000 202.000000 200.000000 197.000000 192.000000 193.000000 191.000000 189.000000 197.000000 191.000000 192.000000 200.000000 234.000000 16.000000
109.000000 210.000000 184.000000 183.000000 195.000000 195.000000 205.000000 200.000000 197.000000 191.000000 201.000000 197.000000 196.000000 193.000000 191.000000 195.000000 197.000000 200.000000 200.000000 199.000000 201.000000 200.000000 202.000000 202.000000 201.000000 201.000000 231.000000 2.000000
0.000000 122.000000 200.000000 230.000000 247.000000 238.000000 236.000000 239.000000 245.000000 244.000000 240.000000 243.000000 239.000000 236.000000 235.000000 235.000000 232.000000 234.000000 234.000000 234.000000 236.000000 236.000000 236.000000 232.000000 228.000000 232.000000 209.000000 0.000000
0.000000 0.000000 0.000000 9.000000 55.000000 63.000000 71.000000 80.000000 79.000000 72.000000 62.000000 58.000000 49.000000 36.000000 32.000000 29.000000 27.000000 26.000000 23.000000 24.000000 24.000000 26.000000 27.000000 15.000000 1.000000 0.000000 0.000000 0.000000
0.000000 0.000000 0.000000 0.000000 0.000000 0.000000 0.000000 0.000000 0.000000 0.000000 0.000000 0.000000 0.000000 0.000000 0.000000 0.000000 0.000000 0.000000 0.000000 0.000000 0.000000 0.000000 0.000000 0.000000 0.000000 0.000000 0.000000 0.000000
0.000000 0.000000 0.000000 0.000000 0.000000 0.000000 0.000000 0.000000 0.000000 0.000000 0.000000 0.000000 0.000000 0.000000 0.000000 0.000000 0.000000 0.000000 0.000000 0.000000 0.000000 0.000000 0.000000 0.000000 0.000000 0.000000 0.000000 0.000000
0.000000 0.000000 0.000000 0.000000 0.000000 0.000000 0.000000 0.000000 0.000000 0.000000 0.000000 0.000000 0.000000 0.000000 0.000000 0.000000 0.000000 0.000000 0.000000 0.000000 0.000000 0.000000 0.000000 0.000000 0.000000 0.000000 0.000000 0.000000
0.000000 0.000000 0.000000 0.000000 0.000000 0.000000 0.000000 0.000000 0.000000 0.000000 0.000000 0.000000 0.000000 0.000000 0.000000 0.000000 0.000000 0.000000 0.000000 0.000000 0.000000 0.000000 0.000000 0.000000 0.000000 0.000000 0.000000 0.000000
0.000000 0.000000 0.000000 0.000000 0.000000 0.000000 0.000000 0.000000 0.000000 0.000000 0.000000 0.000000 0.000000 0.000000 0.000000 0.000000 0.000000 0.000000 0.000000 0.000000 0.000000 0.000000 0.000000 0.000000 0.000000 0.000000 0.000000 0.000000
0.000000 0.000000 0.000000 0.000000 0.000000 0.000000 0.000000 0.000000 0.000000 0.000000 0.000000 0.000000 0.000000 0.000000 0.000000 0.000000 0.000000 0.000000 0.000000 0.000000 0.000000 0.000000 0.000000 0.000000 0.000000 0.000000 0.000000 0.000000
0.000000 0.000000 0.000000 0.000000 0.000000 0.000000 0.000000 0.000000 0.000000 0.000000 0.000000 0.000000 0.000000 0.000000 0.000000 0.000000 0.000000 0.000000 0.000000 0.000000 0.000000 0.000000 0.000000 0.000000 0.000000 0.000000 0.000000 0.000000
