0.000000 0.000000 0.000000 0.000000 0.000000 0.000000 0.000000 0.000000 0.000000 0.000000 0.000000 0.000000 0.000000 0.000000 0.000000 0.000000 0.000000 0.000000 0.000000 0.000000 0.000000 0.000000 0.000000 0.000000 0.000000 0.000000 0.000000 0.000000
0.000000 0.000000 0.000000 0.000000 0.000000 0.000000 0.000000 0.000000 0.000000 0.000000 0.000000 0.000000 0.000000 0.000000 0.000000 0.000000 0.000000 0.000000 0.000000 0.000000 0.000000 0.000000 0.000000 0.000000 0.000000 0.000000 0.000000 0.000000
0.000000 0.000000 0.000000 0.000000 0.000000 0.000000 0.000000 0.000000 0.000000 0.000000 0.000000 0.000000 0.000000 0.000000 0.000000 0.000000 0.000000 0.000000 0.000000 0.000000 0.000000 0.000000 0.000000 0.000000 0.000000 0.000000 0.000000 0.000000
0.000000 0.000000 0.000000 0.000000 0.000000 0.000000 0.000000 0.000000 0.000000 0.000000 0.000000 0.000000 0.000000 0.000000 0.000000 0.000000 0.000000 0.000000 0.000000 0.000000 0.000000 0.000000 0.000000 0.000000 0.000000 0.000000 0.000000 0.000000
0.000000 0.000000 0.000000 0.000000 0.000000 0.000000 0.000000 0.000000 0.000000 0.000000 0.000000 0.000000 0.000000 0.000000 0.000000 0.000000 0.000000 0.000000 0.000000 0.000000 0.000000 0.000000 0.000000 0.000000 0.000000 0.000000 0.000000 0.000000
0.000000 0.000000 0.000000 0.000000 0.000000 0.000000 0.000000 0.000000 0.000000 0.000000 0.000000 0.000000 0.000000 4.000000 0.000000 39.000000 202.000000 0.000000 5.000000 181.000000 190.000000 182.000000 192.000000 179.000000 153.000000 129.000000 178.000000 116.000000
0.000000 0.000000 0.000000 0.000000 0.000000 0.000000 0.000000 0.000000 0.000000 0.000000 0.000000 0.000000 0.000000 2.000000 0.000000 142.000000 255.000000 219.000000 234.000000 255.000000 254.000000 254.000000 253.000000 255.000000 255.000000 255.000000 189.000000 0.000000
0.000000 0.000000 0.000000 0.000000 0.000000 0.000000 0.000000 0.000000 0.000000 0.000000 0.000000 0.000000 0.000000 0.000000 0.000000 229.000000 240.000000 233.000000 243.000000 239.000000 242.000000 238.000000 241.000000 243.000000 234.000000 251.000000 49.000000 0.000000
0.000000 0.000000 0.000000 0.000000 0.000000 0.000000 0.000000 0.000000 0.000000 0.000000 0.000000 5.000000 0.000000 5.000000 218.000000 247.000000 237.000000 241.000000 241.000000 239.000000 243.000000 245.000000 247.000000 245.000000 251.000000 233.000000 0.000000 0.000000
0.000000 0.000000 0.000000 0.000000 0.000000 0.000000 0.000000 0.000000 0.000000 0.000000 0.000000 8.000000 0.000000 179.000000 248.000000 221.000000 230.000000 238.000000 251.000000 245.000000 237.000000 243.000000 247.000000 240.000000 250.000000 255.000000 0.000000 0.000000
0.000000 0.000000 0.000000 0.000000 0.000000 0.000000 0.000000 0.000000 0.000000 0.000000 4.000000 0.000000 46.000000 230.000000 236.000000 246.000000 244.000000 227.000000 216.000000 229.000000 242.000000 236.000000 244.000000 243.000000 250.000000 251.000000 0.000000 0.000000
0.000000 0.000000 0.000000 0.000000 0.000000 0.000000 0.000000 0.000000 0.000000 1.000000 0.000000 0.000000 145.000000 197.000000 242.000000 233.000000 242.000000 253.000000 253.000000 243.000000 237.000000 236.000000 236.000000 235.000000 249.000000 255.000000 4.000000 0.000000
0.000000 0.000000 0.000000 0.000000 0.000000 0.000000 0.000000 0.000000 0.000000 5.000000 0.000000 33.000000 149.000000 241.000000 255.000000 242.000000 247.000000 242.000000 246.000000 248.000000 243.000000 243.000000 246.000000 233.000000 241.000000 255.000000 0.000000 0.000000
0.000000 0.000000 0.000000 0.000000 0.000000 0.000000 0.000000 0.000000 0.000000 1.000000 0.000000 0.000000 164.000000 255.000000 237.000000 245.000000 237.000000 231.000000 229.000000 228.000000 228.000000 231.000000 240.000000 239.000000 248.000000 213.000000 0.000000 0.000000
0.000000 0.000000 0.000000 0.000000 0.000000 0.000000 0.000000 0.000000 3.000000 0.000000 0.000000 140.000000 255.000000 218.000000 229.000000 234.000000 242.000000 246.000000 249.000000 249.000000 248.000000 246.000000 245.000000 234.000000 235.000000 255.000000 51.000000 0.000000
0.000000 2.000000 7.000000 8.000000 9.000000 2.000000 1.000000 0.000000 0.000000 0.000000 123.000000 255.000000 237.000000 244.000000 244.000000 241.000000 238.000000 238.000000 245.000000 247.000000 243.000000 243.000000 246.000000 230.000000 246.000000 222.000000 0.000000 0.000000
3.000000 0.000000 0.000000 0.000000 0.000000 0.000000 0.000000 0.000000 32.000000 188.000000 255.000000 224.000000 235.000000 232.000000 237.000000 238.000000 236.000000 233.000000 233.000000 236.000000 237.000000 237.000000 233.000000 238.000000 232.000000 255.000000 30.000000 0.000000
0.000000 0.000000 105.000000 126.000000 93.000000 75.000000 76.000000 179.000000 255.000000 239.000000 223.000000 232.000000 233.000000 235.000000 238.000000 238.000000 241.000000 244.000000 242.000000 239.000000 238.000000 237.000000 229.000000 233.000000 228.000000 254.000000 74.000000 0.000000
0.000000 170.000000 242.000000 238.000000 242.000000 237.000000 255.000000 246.000000 221.000000 229.000000 234.000000 235.000000 235.000000 234.000000 237.000000 236.000000 237.000000 241.000000 242.000000 241.000000 239.000000 239.000000 240.000000 235.000000 232.000000 250.000000 144.000000 0.000000
49.000000 229.000000 223.000000 218.000000 215.000000 219.000000 220.000000 215.000000 238.000000 236.000000 234.000000 232.000000 230.000000 236.000000 239.000000 237.000000 237.000000 237.000000 235.000000 237.000000 241.000000 240.000000 239.000000 248.000000 235.000000 255.000000 98.000000 0.000000
54.000000 171.000000 216.000000 234.000000 233.000000 229.000000 221.000000 228.000000 228.000000 228.000000 228.000000 230.000000 235.000000 235.000000 237.000000 236.000000 239.000000 246.000000 253.000000 255.000000 254.000000 255.000000 255.000000 253.000000 231.000000 231.000000 29.000000 0.000000
0.000000 8.000000 96.000000 173.000000 244.000000 237.000000 238.000000 236.000000 233.000000 235.000000 239.000000 241.000000 241.000000 244.000000 245.000000 248.000000 255.000000 254.000000 216.000000 190.000000 187.000000 175.000000 162.000000 158.000000 140.000000 194.000000 70.000000 0.000000
0.000000 0.000000 0.000000 0.000000 56.000000 125.000000 192.000000 234.000000 249.000000 253.000000 255.000000 254.000000 247.000000 234.000000 205.000000 164.000000 111.000000 30.000000 157.000000 224.000000 179.000000 203.000000 202.000000 203.000000 207.000000 255.000000 93.000000 0.000000
0.000000 3.000000 1.000000 0.000000 0.000000 0.000000 0.000000 13.000000 62.000000 96.000000 86.000000 62.000000 38.000000 0.000000 0.000000 0.000000 0.000000 0.000000 99.000000 227.000000 162.000000 173.000000 171.000000 163.000000 155.000000 156.000000 31.000000 0.000000
0.000000 0.000000 0.000000 0.000000 0.000000 0.000000 0.000000 0.000000 0.000000 0.000000 0.000000 0.000000 0.000000 0.000000 0.000000 0.000000 0.000000 0.000000 0.000000 0.000000 0.000000 0.000000 0.000000 0.000000 0.000000 0.000000 0.000000 0.000000
0.000000 0.000000 0.000000 0.000000 0.000000 0.000000 0.000000 0.000000 0.000000 0.000000 0.000000 0.000000 0.000000 0.000000 0.000000 0.000000 0.000000 0.000000 0.000000 0.000000 0.000000 0.000000 0.000000 0.000000 0.000000 0.000000 0.000000 0.000000
0.000000 0.000000 0.000000 0.000000 0.000000 0.000000 0.000000 0.000000 0.000000 0.000000 0.000000 0.000000 0.000000 0.000000 0.000000 0.000000 0.000000 0.000000 0.000000 0.000000 0.000000 0.000000 0.000000 0.000000 0.000000 0.000000 0.000000 0.000000
0.000000 0.000000 0.000000 0.000000 0.000000 0.000000 0.000000 0.000000 0.000000 0.000000 0.000000 0.000000 0.000000 0.000000 0.000000 0.000000 0.000000 0.000000 0.000000 0.000000 0.000000 0.000000 0.000000 0.000000 0.000000 0.000000 0.000000 0.000000
