0.000000 0.000000 0.000000 0.000000 0.000000 0.000000 0.000000 0.000000 0.000000 0.000000 54.000000 98.000000 0.000000 0.000000 0.000000 0.000000 79.000000 71.000000 0.000000 0.000000 0.000000 0.000000 0.000000 0.000000 0.000000 0.000000 0.000000 0.000000
0.000000 0.000000 0.000000 0.000000 0.000000 0.000000 0.000000 0.000000 0.000000 0.000000 219.000000 233.000000 203.000000 134.000000 118.000000 191.000000 230.000000 177.000000 0.000000 0.000000 0.000000 0.000000 0.000000 0.000000 0.000000 0.000000 0.000000 0.000000
0.000000 0.000000 0.000000 0.000000 0.000000 0.000000 0.000000 0.000000 0.000000 0.000000 172.000000 217.000000 231.000000 171.000000 147.000000 235.000000 222.000000 170.000000 0.000000 0.000000 0.000000 0.000000 0.000000 0.000000 0.000000 0.000000 0.000000 0.000000
0.000000 0.000000 0.000000 0.000000 0.000000 0.000000 0.000000 0.000000 0.000000 0.000000 206.000000 236.000000 228.000000 147.000000 139.000000 224.000000 224.000000 211.000000 0.000000 0.000000 0.000000 0.000000 0.000000 0.000000 0.000000 0.000000 0.000000 0.000000
0.000000 0.000000 0.000000 0.000000 0.000000 0.000000 0.000000 0.000000 0.000000 0.000000 253.000000 225.000000 246.000000 146.000000 168.000000 244.000000 218.000000 253.000000 0.000000 0.000000 0.000000 0.000000 0.000000 0.000000 0.000000 0.000000 0.000000 0.000000
0.000000 0.000000 0.000000 0.000000 0.000000 0.000000 0.000000 1.000000 0.000000 101.000000 239.000000 220.000000 229.000000 205.000000 213.000000 221.000000 218.000000 230.000000 89.000000 0.000000 0.000000 0.000000 0.000000 0.000000 0.000000 0.000000 0.000000 0.000000
0.000000 0.000000 0.000000 0.000000 0.000000 0.000000 0.000000 0.000000 0.000000 246.000000 229.000000 222.000000 222.000000 225.000000 223.000000 219.000000 218.000000 220.000000 248.000000 0.000000 0.000000 0.000000 0.000000 0.000000 0.000000 0.000000 0.000000 0.000000
0.000000 0.000000 0.000000 0.000000 0.000000 0.000000 0.000000 0.000000 0.000000 237.000000 227.000000 222.000000 218.000000 212.000000 216.000000 228.000000 214.000000 221.000000 222.000000 0.000000 0.000000 0.000000 0.000000 0.000000 0.000000 0.000000 0.000000 0.000000
0.000000 0.000000 0.000000 0.000000 0.000000 0.000000 0.000000 0.000000 0.000000 199.000000 230.000000 218.000000 219.000000 217.000000 221.000000 222.000000 214.000000 220.000000 201.000000 0.000000 0.000000 0.000000 0.000000 0.000000 0.000000 0.000000 0.000000 0.000000
0.000000 0.000000 0.000000 0.000000 0.000000 0.000000 0.000000 0.000000 0.000000 171.000000 233.000000 214.000000 219.000000 214.000000 222.000000 221.000000 209.000000 225.000000 178.000000 0.000000 0.000000 0.000000 0.000000 0.000000 0.000000 0.000000 0.000000 0.000000
0.000000 0.000000 0.000000 0.000000 0.000000 0.000000 0.000000 0.000000 0.000000 155.000000 234.000000 213.000000 219.000000 214.000000 220.000000 225.000000 213.000000 229.000000 170.000000 0.000000 0.000000 0.000000 0.000000 0.000000 0.000000 0.000000 0.000000 0.000000
0.000000 0.000000 0.000000 0.000000 0.000000 0.000000 0.000000 0.000000 0.000000 160.000000 231.000000 214.000000 219.000000 215.000000 215.000000 220.000000 212.000000 227.000000 190.000000 0.000000 0.000000 0.000000 0.000000 0.000000 0.000000 0.000000 0.000000 0.000000
0.000000 0.000000 0.000000 0.000000 0.000000 0.000000 0.000000 0.000000 0.000000 217.000000 226.000000 219.000000 217.000000 216.000000 212.000000 222.000000 210.000000 218.000000 221.000000 0.000000 0.000000 0.000000 0.000000 0.000000 0.000000 0.000000 0.000000 0.000000
0.000000 0.000000 0.000000 0.000000 0.000000 0.000000 0.000000 0.000000 0.000000 247.000000 220.000000 225.000000 218.000000 214.000000 212.000000 228.000000 212.000000 217.000000 243.000000 0.000000 0.000000 0.000000 0.000000 0.000000 0.000000 0.000000 0.000000 0.000000
0.000000 0.000000 0.000000 0.000000 0.000000 0.000000 0.000000 0.000000 12.000000 224.000000 216.000000 228.000000 224.000000 210.000000 213.000000 230.000000 216.000000 211.000000 221.000000 16.000000 0.000000 0.000000 0.000000 0.000000 0.000000 0.000000 0.000000 0.000000
0.000000 0.000000 0.000000 0.000000 0.000000 0.000000 0.000000 0.000000 53.000000 236.000000 214.000000 229.000000 228.000000 209.000000 212.000000 233.000000 220.000000 205.000000 232.000000 58.000000 0.000000 0.000000 0.000000 0.000000 0.000000 0.000000 0.000000 0.000000
0.000000 0.000000 0.000000 0.000000 0.000000 0.000000 0.000000 0.000000 95.000000 241.000000 214.000000 230.000000 231.000000 210.000000 211.000000 235.000000 220.000000 207.000000 234.000000 97.000000 0.000000 0.000000 0.000000 0.000000 0.000000 0.000000 0.000000 0.000000
0.000000 0.000000 0.000000 0.000000 0.000000 0.000000 0.000000 0.000000 151.000000 238.000000 215.000000 230.000000 235.000000 211.000000 212.000000 236.000000 219.000000 203.000000 232.000000 147.000000 0.000000 0.000000 0.000000 0.000000 0.000000 0.000000 0.000000 0.000000
0.000000 0.000000 0.000000 0.000000 0.000000 0.000000 0.000000 0.000000 199.000000 236.000000 209.000000 230.000000 239.000000 211.000000 213.000000 237.000000 221.000000 202.000000 231.000000 193.000000 0.000000 0.000000 0.000000 0.000000 0.000000 0.000000 0.000000 0.000000
0.000000 0.000000 0.000000 0.000000 0.000000 0.000000 0.000000 0.000000 233.000000 230.000000 216.000000 229.000000 240.000000 210.000000 216.000000 241.000000 220.000000 207.000000 227.000000 226.000000 0.000000 0.000000 0.000000 0.000000 0.000000 0.000000 0.000000 0.000000
0.000000 0.000000 0.000000 0.000000 0.000000 0.000000 0.000000 0.000000 255.000000 227.000000 218.000000 229.000000 242.000000 211.000000 213.000000 242.000000 218.000000 215.000000 223.000000 248.000000 0.000000 0.000000 0.000000 0.000000 0.000000 0.000000 0.000000 0.000000
0.000000 0.000000 0.000000 0.000000 0.000000 0.000000 0.000000 3.000000 255.000000 223.000000 221.000000 227.000000 245.000000 213.000000 211.000000 244.000000 217.000000 212.000000 220.000000 255.000000 0.000000 0.000000 0.000000 0.000000 0.000000 0.000000 0.000000 0.000000
0.000000 0.000000 0.000000 0.000000 0.000000 0.000000 0.000000 22.000000 255.000000 223.000000 224.000000 226.000000 247.000000 213.000000 215.000000 246.000000 217.000000 213.000000 217.000000 255.000000 39.000000 0.000000 0.000000 0.000000 0.000000 0.000000 0.000000 0.000000
0.000000 0.000000 0.000000 0.000000 0.000000 0.000000 0.000000 46.000000 255.000000 219.000000 224.000000 227.000000 248.000000 214.000000 217.000000 245.000000 219.000000 218.000000 215.000000 255.000000 78.000000 0.000000 0.000000 0.000000 0.000000 0.000000 0.000000 0.000000
0.000000 0.000000 0.000000 0.000000 0.000000 0.000000 0.000000 73.000000 255.000000 224.000000 225.000000 229.000000 248.000000 214.000000 217.000000 246.000000 219.000000 216.000000 219.000000 254.000000 96.000000 0.000000 0.000000 0.000000 0.000000 0.000000 0.000000 0.000000
0.000000 0.000000 0.000000 0.000000 0.000000 0.000000 0.000000 100.000000 243.000000 222.000000 222.000000 223.000000 245.000000 215.000000 217.000000 243.000000 219.000000 219.000000 219.000000 235.000000 110.000000 0.000000 0.000000 0.000000 0.000000 0.000000 0.000000 0.000000
0.000000 0.000000 0.000000 0.000000 0.000000 0.000000 0.000000 161.000000 255.000000 246.000000 255.000000 255.000000 255.000000 232.000000 247.000000 255.000000 245.000000 236.000000 230.000000 255.000000 156.000000 0.000000 0.000000 0.000000 0.000000 0.000000 0.000000 0.000000
0.000000 0.000000 0.000000 0.000000 0.000000 0.000000 0.000000 4.000000 59.000000 49.000000 80.000000 76.000000 106.000000 174.000000 94.000000 43.000000 68.000000 89.000000 44.000000 55.000000 10.000000 0.000000 0.000000 0.000000 0.000000 0.000000 0.000000 0.000000
