0.000000 0.000000 0.000000 0.000000 0.000000 0.000000 0.000000 0.000000 0.000000 0.000000 0.000000 0.000000 0.000000 0.000000 0.000000 0.000000 0.000000 0.000000 0.000000 0.000000 0.000000 0.000000 0.000000 0.000000 0.000000 0.000000 0.000000 0.000000
0.000000 0.000000 0.000000 0.000000 0.000000 0.000000 0.000000 0.000000 0.000000 0.000000 0.000000 0.000000 0.000000 0.000000 0.000000 0.000000 0.000000 0.000000 0.000000 0.000000 0.000000 0.000000 0.000000 0.000000 0.000000 0.000000 0.000000 0.000000
0.000000 0.000000 0.000000 0.000000 0.000000 0.000000 0.000000 0.000000 0.000000 0.000000 0.000000 0.000000 0.000000 0.000000 0.000000 0.000000 0.000000 0.000000 0.000000 0.000000 0.000000 0.000000 0.000000 0.000000 0.000000 0.000000 0.000000 0.000000
0.000000 0.000000 0.000000 0.000000 0.000000 0.000000 0.000000 0.000000 0.000000 0.000000 0.000000 0.000000 0.000000 0.000000 0.000000 0.000000 0.000000 0.000000 0.000000 0.000000 0.000000 0.000000 0.000000 0.000000 0.000000 0.000000 0.000000 0.000000
0.000000 0.000000 0.000000 0.000000 0.000000 0.000000 0.000000 0.000000 0.000000 0.000000 0.000000 0.000000 0.000000 0.000000 0.000000 0.000000 0.000000 0.000000 0.000000 0.000000 0.000000 0.000000 0.000000 0.000000 0.000000 0.000000 0.000000 0.000000
0.000000 0.000000 0.000000 0.000000 0.000000 0.000000 0.000000 0.000000 0.000000 0.000000 0.000000 0.000000 0.000000 0.000000 0.000000 0.000000 0.000000 0.000000 0.000000 0.000000 0.000000 0.000000 0.000000 0.000000 0.000000 0.000000 0.000000 0.000000
0.000000 0.000000 0.000000 0.000000 0.000000 0.000000 0.000000 0.000000 0.000000 0.000000 0.000000 0.000000 0.000000 0.000000 0.000000 0.000000 0.000000 0.000000 0.000000 0.000000 0.000000 0.000000 0.000000 0.000000 0.000000 0.000000 0.000000 0.000000
0.000000 0.000000 0.000000 0.000000 0.000000 0.000000 0.000000 0.000000 0.000000 0.000000 0.000000 0.000000 0.000000 0.000000 0.000000 0.000000 0.000000 0.000000 0.000000 0.000000 0.000000 0.000000 0.000000 0.000000 0.000000 0.000000 0.000000 0.000000
0.000000 0.000000 0.000000 0.000000 0.000000 0.000000 0.000000 0.000000 0.000000 0.000000 0.000000 0.000000 0.000000 0.000000 0.000000 1.000000 26.000000 0.000000 11.000000 125.000000 17.000000 6.000000 0.000000 0.000000 3.000000 0.000000 0.000000 0.000000
0.000000 0.000000 0.000000 0.000000 0.000000 0.000000 0.000000 0.000000 0.000000 0.000000 0.000000 0.000000 1.000000 0.000000 34.000000 178.000000 74.000000 76.000000 220.000000 52.000000 91.000000 182.000000 106.000000 131.000000 121.000000 19.000000 0.000000 1.000000
0.000000 0.000000 0.000000 0.000000 0.000000 0.000000 0.000000 0.000000 0.000000 0.000000 0.000000 0.000000 0.000000 0.000000 0.000000 0.000000 0.000000 82.000000 152.000000 95.000000 102.000000 153.000000 169.000000 161.000000 161.000000 15.000000 0.000000 1.000000
0.000000 0.000000 0.000000 0.000000 0.000000 0.000000 0.000000 0.000000 0.000000 0.000000 0.000000 0.000000 0.000000 0.000000 66.000000 101.000000 71.000000 178.000000 137.000000 175.000000 164.000000 163.000000 194.000000 134.000000 169.000000 91.000000 0.000000 4.000000
1.000000 1.000000 0.000000 1.000000 3.000000 0.000000 0.000000 0.000000 4.000000 9.000000 6.000000 6.000000 0.000000 121.000000 155.000000 147.000000 77.000000 25.000000 228.000000 218.000000 152.000000 133.000000 223.000000 155.000000 128.000000 175.000000 0.000000 0.000000
0.000000 0.000000 0.000000 0.000000 3.000000 1.000000 1.000000 0.000000 0.000000 0.000000 0.000000 0.000000 96.000000 153.000000 110.000000 121.000000 58.000000 0.000000 0.000000 150.000000 172.000000 112.000000 155.000000 140.000000 30.000000 52.000000 91.000000 0.000000
1.000000 1.000000 1.000000 1.000000 0.000000 0.000000 0.000000 0.000000 4.000000 107.000000 156.000000 137.000000 41.000000 30.000000 120.000000 163.000000 126.000000 0.000000 0.000000 1.000000 144.000000 161.000000 147.000000 82.000000 0.000000 0.000000 104.000000 0.000000
0.000000 0.000000 0.000000 0.000000 3.000000 0.000000 80.000000 107.000000 156.000000 169.000000 74.000000 137.000000 0.000000 34.000000 140.000000 171.000000 104.000000 0.000000 0.000000 0.000000 166.000000 169.000000 171.000000 178.000000 12.000000 0.000000 74.000000 30.000000
0.000000 1.000000 1.000000 3.000000 0.000000 0.000000 128.000000 136.000000 152.000000 52.000000 3.000000 63.000000 41.000000 20.000000 190.000000 191.000000 196.000000 0.000000 0.000000 0.000000 171.000000 202.000000 164.000000 125.000000 93.000000 0.000000 26.000000 71.000000
1.000000 4.000000 4.000000 0.000000 14.000000 49.000000 159.000000 114.000000 178.000000 188.000000 19.000000 77.000000 34.000000 1.000000 255.000000 202.000000 224.000000 66.000000 0.000000 0.000000 123.000000 194.000000 77.000000 0.000000 183.000000 3.000000 39.000000 79.000000
0.000000 0.000000 0.000000 0.000000 15.000000 128.000000 197.000000 167.000000 226.000000 14.000000 33.000000 98.000000 112.000000 0.000000 63.000000 190.000000 226.000000 191.000000 0.000000 15.000000 102.000000 194.000000 101.000000 0.000000 71.000000 3.000000 88.000000 42.000000
57.000000 161.000000 172.000000 169.000000 167.000000 163.000000 185.000000 188.000000 210.000000 39.000000 95.000000 171.000000 178.000000 112.000000 88.000000 204.000000 226.000000 210.000000 201.000000 210.000000 140.000000 177.000000 188.000000 245.000000 209.000000 159.000000 190.000000 45.000000
11.000000 61.000000 82.000000 99.000000 107.000000 117.000000 125.000000 133.000000 131.000000 171.000000 172.000000 159.000000 152.000000 161.000000 145.000000 90.000000 69.000000 45.000000 60.000000 183.000000 169.000000 152.000000 153.000000 164.000000 155.000000 144.000000 150.000000 49.000000
0.000000 0.000000 0.000000 0.000000 0.000000 0.000000 0.000000 0.000000 0.000000 0.000000 0.000000 0.000000 0.000000 0.000000 0.000000 0.000000 0.000000 0.000000 0.000000 0.000000 0.000000 0.000000 0.000000 0.000000 0.000000 0.000000 0.000000 0.000000
0.000000 0.000000 0.000000 0.000000 0.000000 0.000000 0.000000 0.000000 0.000000 0.000000 0.000000 0.000000 0.000000 0.000000 0.000000 0.000000 0.000000 0.000000 0.000000 0.000000 0.000000 0.000000 0.000000 0.000000 0.000000 0.000000 0.000000 0.000000
0.000000 0.000000 0.000000 0.000000 0.000000 0.000000 0.000000 0.000000 0.000000 0.000000 0.000000 0.000000 0.000000 0.000000 0.000000 0.000000 0.000000 0.000000 0.000000 0.000000 0.000000 0.000000 0.000000 0.000000 0.000000 0.000000 0.000000 0.000000
0.000000 0.000000 0.000000 0.000000 0.000000 0.000000 0.000000 0.000000 0.000000 0.000000 0.000000 0.000000 0.000000 0.000000 0.000000 0.000000 0.000000 0.000000 0.000000 0.000000 0.000000 0.000000 0.000000 0.000000 0.000000 0.000000 0.000000 0.000000
0.000000 0.000000 0.000000 0.000000 0.000000 0.000000 0.000000 0.000000 0.000000 0.000000 0.000000 0.000000 0.000000 0.000000 0.000000 0.000000 0.000000 0.000000 0.000000 0.000000 0.000000 0.000000 0.000000 0.000000 0.000000 0.000000 0.000000 0.000000
0.000000 0.000000 0.000000 0.000000 0.000000 0.000000 0.000000 0.000000 0.000000 0.000000 0.000000 0.000000 0.000000 0.000000 0.000000 0.000000 0.000000 0.000000 0.000000 0.000000 0.000000 0.000000 0.000000 0.000000 0.000000 0.000000 0.000000 0.000000
0.000000 0.000000 0.000000 0.000000 0.000000 0.000000 0.000000 0.000000 0.000000 0.000000 0.000000 0.000000 0.000000 0.000000 0.000000 0.000000 0.000000 0.000000 0.000000 0.000000 0.000000 0.000000 0.000000 0.000000 0.000000 0.000000 0.000000 0.000000
