0.000000 0.000000 0.000000 0.000000 0.000000 0.000000 0.000000 0.000000 1.000000 0.000000 67.000000 177.000000 129.000000 153.000000 117.000000 129.000000 146.000000 141.000000 175.000000 0.000000 0.000000 0.000000 0.000000 0.000000 0.000000 0.000000 0.000000 0.000000
0.000000 0.000000 0.000000 0.000000 0.000000 0.000000 0.000000 0.000000 2.000000 0.000000 196.000000 255.000000 255.000000 255.000000 241.000000 251.000000 255.000000 245.000000 255.000000 76.000000 0.000000 0.000000 0.000000 0.000000 0.000000 0.000000 0.000000 0.000000
0.000000 0.000000 0.000000 0.000000 0.000000 0.000000 0.000000 0.000000 0.000000 0.000000 243.000000 237.000000 217.000000 228.000000 231.000000 222.000000 218.000000 219.000000 255.000000 116.000000 0.000000 0.000000 0.000000 0.000000 0.000000 0.000000 0.000000 0.000000
0.000000 0.000000 0.000000 0.000000 0.000000 0.000000 0.000000 0.000000 0.000000 0.000000 255.000000 235.000000 231.000000 233.000000 226.000000 225.000000 229.000000 222.000000 255.000000 145.000000 0.000000 0.000000 0.000000 0.000000 0.000000 0.000000 0.000000 0.000000
0.000000 0.000000 0.000000 0.000000 0.000000 0.000000 0.000000 0.000000 0.000000 23.000000 255.000000 230.000000 229.000000 233.000000 229.000000 225.000000 227.000000 221.000000 241.000000 167.000000 0.000000 0.000000 0.000000 0.000000 0.000000 0.000000 0.000000 0.000000
0.000000 0.000000 0.000000 0.000000 0.000000 0.000000 0.000000 0.000000 0.000000 67.000000 255.000000 225.000000 234.000000 231.000000 226.000000 227.000000 228.000000 224.000000 234.000000 187.000000 0.000000 0.000000 0.000000 0.000000 0.000000 0.000000 0.000000 0.000000
0.000000 0.000000 0.000000 0.000000 0.000000 0.000000 0.000000 0.000000 0.000000 114.000000 249.000000 217.000000 235.000000 238.000000 245.000000 227.000000 227.000000 225.000000 241.000000 176.000000 0.000000 0.000000 0.000000 0.000000 0.000000 0.000000 0.000000 0.000000
0.000000 0.000000 0.000000 0.000000 0.000000 0.000000 0.000000 0.000000 0.000000 167.000000 247.000000 227.000000 231.000000 250.000000 200.000000 248.000000 231.000000 224.000000 251.000000 147.000000 0.000000 0.000000 0.000000 0.000000 0.000000 0.000000 0.000000 0.000000
0.000000 0.000000 0.000000 0.000000 0.000000 0.000000 0.000000 0.000000 0.000000 208.000000 242.000000 225.000000 243.000000 225.000000 0.000000 255.000000 233.000000 226.000000 255.000000 129.000000 0.000000 0.000000 0.000000 0.000000 0.000000 0.000000 0.000000 0.000000
0.000000 0.000000 0.000000 0.000000 0.000000 0.000000 0.000000 0.000000 0.000000 223.000000 238.000000 223.000000 255.000000 161.000000 0.000000 255.000000 236.000000 223.000000 255.000000 135.000000 0.000000 0.000000 0.000000 0.000000 0.000000 0.000000 0.000000 0.000000
0.000000 0.000000 0.000000 0.000000 0.000000 0.000000 0.000000 0.000000 0.000000 245.000000 235.000000 222.000000 255.000000 72.000000 0.000000 248.000000 254.000000 217.000000 255.000000 145.000000 0.000000 0.000000 0.000000 0.000000 0.000000 0.000000 0.000000 0.000000
0.000000 0.000000 0.000000 0.000000 0.000000 0.000000 0.000000 0.000000 0.000000 255.000000 233.000000 226.000000 255.000000 7.000000 0.000000 191.000000 248.000000 220.000000 255.000000 126.000000 0.000000 0.000000 0.000000 0.000000 0.000000 0.000000 0.000000 0.000000
0.000000 0.000000 0.000000 0.000000 0.000000 0.000000 0.000000 0.000000 0.000000 255.000000 233.000000 231.000000 251.000000 0.000000 0.000000 159.000000 251.000000 221.000000 255.000000 111.000000 0.000000 0.000000 0.000000 0.000000 0.000000 0.000000 0.000000 0.000000
0.000000 0.000000 0.000000 0.000000 0.000000 0.000000 0.000000 0.000000 0.000000 255.000000 232.000000 236.000000 216.000000 0.000000 0.000000 131.000000 253.000000 220.000000 255.000000 111.000000 0.000000 0.000000 0.000000 0.000000 0.000000 0.000000 0.000000 0.000000
0.000000 0.000000 0.000000 0.000000 0.000000 0.000000 0.000000 0.000000 0.000000 255.000000 228.000000 243.000000 172.000000 0.000000 0.000000 57.000000 249.000000 222.000000 255.000000 111.000000 0.000000 0.000000 0.000000 0.000000 0.000000 0.000000 0.000000 0.000000
0.000000 0.000000 0.000000 0.000000 0.000000 0.000000 0.000000 0.000000 0.000000 255.000000 230.000000 244.000000 139.000000 0.000000 0.000000 10.000000 255.000000 227.000000 255.000000 100.000000 0.000000 0.000000 0.000000 0.000000 0.000000 0.000000 0.000000 0.000000
0.000000 0.000000 0.000000 0.000000 0.000000 0.000000 0.000000 0.000000 0.000000 227.000000 237.000000 242.000000 113.000000 0.000000 0.000000 6.000000 255.000000 230.000000 255.000000 89.000000 0.000000 0.000000 0.000000 0.000000 0.000000 0.000000 0.000000 0.000000
0.000000 0.000000 0.000000 0.000000 0.000000 0.000000 0.000000 0.000000 0.000000 204.000000 239.000000 245.000000 151.000000 0.000000 0.000000 0.000000 255.000000 227.000000 255.000000 99.000000 0.000000 0.000000 0.000000 0.000000 0.000000 0.000000 0.000000 0.000000
0.000000 0.000000 0.000000 0.000000 0.000000 0.000000 0.000000 0.000000 0.000000 151.000000 245.000000 238.000000 198.000000 0.000000 0.000000 0.000000 255.000000 234.000000 255.000000 92.000000 0.000000 0.000000 0.000000 0.000000 0.000000 0.000000 0.000000 0.000000
0.000000 0.000000 0.000000 0.000000 0.000000 0.000000 0.000000 0.000000 0.000000 89.000000 248.000000 233.000000 248.000000 0.000000 0.000000 0.000000 252.000000 237.000000 255.000000 90.000000 0.000000 0.000000 0.000000 0.000000 0.000000 0.000000 0.000000 0.000000
0.000000 0.000000 0.000000 0.000000 0.000000 0.000000 0.000000 0.000000 0.000000 31.000000 240.000000 229.000000 226.000000 0.000000 0.000000 0.000000 239.000000 238.000000 255.000000 92.000000 0.000000 0.000000 0.000000 0.000000 0.000000 0.000000 0.000000 0.000000
0.000000 0.000000 0.000000 0.000000 0.000000 0.000000 0.000000 0.000000 0.000000 0.000000 226.000000 233.000000 237.000000 34.000000 0.000000 0.000000 234.000000 238.000000 255.000000 95.000000 0.000000 0.000000 0.000000 0.000000 0.000000 0.000000 0.000000 0.000000
0.000000 0.000000 0.000000 0.000000 0.000000 0.000000 0.000000 0.000000 0.000000 0.000000 233.000000 236.000000 244.000000 68.000000 0.000000 0.000000 209.000000 241.000000 237.000000 98.000000 0.000000 0.000000 0.000000 0.000000 0.000000 0.000000 0.000000 0.000000
0.000000 0.000000 0.000000 0.000000 0.000000 0.000000 0.000000 0.000000 1.000000 0.000000 152.000000 242.000000 245.000000 128.000000 0.000000 0.000000 198.000000 241.000000 238.000000 81.000000 0.000000 0.000000 0.000000 0.000000 0.000000 0.000000 0.000000 0.000000
0.000000 0.000000 0.000000 0.000000 0.000000 0.000000 0.000000 0.000000 2.000000 0.000000 73.000000 246.000000 241.000000 211.000000 0.000000 0.000000 202.000000 240.000000 237.000000 74.000000 0.000000 0.000000 0.000000 0.000000 0.000000 0.000000 0.000000 0.000000
0.000000 0.000000 0.000000 0.000000 0.000000 0.000000 0.000000 0.000000 4.000000 0.000000 0.000000 229.000000 236.000000 209.000000 0.000000 0.000000 158.000000 247.000000 238.000000 99.000000 0.000000 0.000000 0.000000 0.000000 0.000000 0.000000 0.000000 0.000000
0.000000 0.000000 0.000000 0.000000 0.000000 0.000000 0.000000 0.000000 1.000000 0.000000 0.000000 199.000000 255.000000 247.000000 58.000000 0.000000 161.000000 255.000000 252.000000 119.000000 0.000000 0.000000 0.000000 0.000000 0.000000 0.000000 0.000000 0.000000
0.000000 0.000000 0.000000 0.000000 0.000000 0.000000 0.000000 0.000000 0.000000 0.000000 0.000000 98.000000 159.000000 71.000000 0.000000 0.000000 68.000000 176.000000 164.000000 58.000000 0.000000 0.000000 0.000000 0.000000 0.000000 0.000000 0.000000 0.000000
