0.000000 0.000000 0.000000 0.000000 0.000000 0.000000 2.000000 3.000000 0.000000 0.000000 0.000000 191.000000 202.000000 170.000000 159.000000 216.000000 41.000000 0.000000 0.000000 0.000000 4.000000 2.000000 0.000000 0.000000 0.000000 0.000000 0.000000 0.000000
0.000000 0.000000 0.000000 0.000000 0.000000 3.000000 0.000000 0.000000 0.000000 0.000000 122.000000 222.000000 172.000000 160.000000 178.000000 217.000000 219.000000 44.000000 0.000000 0.000000 0.000000 0.000000 4.000000 0.000000 0.000000 0.000000 0.000000 0.000000
0.000000 0.000000 0.000000 0.000000 0.000000 0.000000 0.000000 64.000000 143.000000 219.000000 211.000000 192.000000 255.000000 59.000000 152.000000 210.000000 195.000000 214.000000 202.000000 191.000000 87.000000 0.000000 0.000000 1.000000 0.000000 0.000000 0.000000 0.000000
0.000000 0.000000 0.000000 0.000000 0.000000 85.000000 201.000000 216.000000 214.000000 208.000000 200.000000 202.000000 232.000000 204.000000 222.000000 228.000000 204.000000 205.000000 208.000000 213.000000 220.000000 190.000000 61.000000 0.000000 0.000000 0.000000 0.000000 0.000000
0.000000 0.000000 0.000000 0.000000 23.000000 212.000000 207.000000 201.000000 204.000000 207.000000 217.000000 210.000000 215.000000 220.000000 216.000000 214.000000 212.000000 209.000000 207.000000 206.000000 200.000000 210.000000 213.000000 29.000000 0.000000 0.000000 0.000000 0.000000
0.000000 0.000000 0.000000 0.000000 140.000000 220.000000 201.000000 206.000000 210.000000 207.000000 207.000000 207.000000 208.000000 203.000000 205.000000 207.000000 206.000000 215.000000 208.000000 209.000000 208.000000 199.000000 217.000000 152.000000 0.000000 0.000000 0.000000 0.000000
0.000000 0.000000 0.000000 0.000000 213.000000 215.000000 207.000000 206.000000 204.000000 210.000000 205.000000 206.000000 209.000000 207.000000 207.000000 207.000000 213.000000 195.000000 206.000000 210.000000 204.000000 208.000000 212.000000 212.000000 0.000000 0.000000 0.000000 0.000000
0.000000 0.000000 0.000000 3.000000 203.000000 210.000000 210.000000 201.000000 207.000000 206.000000 206.000000 207.000000 210.000000 205.000000 206.000000 206.000000 220.000000 118.000000 159.000000 219.000000 199.000000 211.000000 208.000000 209.000000 23.000000 0.000000 0.000000 0.000000
0.000000 0.000000 0.000000 61.000000 211.000000 201.000000 213.000000 200.000000 202.000000 204.000000 209.000000 208.000000 209.000000 207.000000 207.000000 206.000000 210.000000 224.000000 215.000000 198.000000 207.000000 211.000000 200.000000 214.000000 98.000000 0.000000 0.000000 0.000000
0.000000 0.000000 0.000000 135.000000 232.000000 220.000000 237.000000 215.000000 203.000000 208.000000 210.000000 209.000000 209.000000 207.000000 207.000000 206.000000 207.000000 203.000000 200.000000 199.000000 216.000000 231.000000 218.000000 220.000000 128.000000 0.000000 0.000000 0.000000
0.000000 0.000000 0.000000 36.000000 120.000000 142.000000 157.000000 156.000000 227.000000 202.000000 211.000000 207.000000 207.000000 207.000000 205.000000 207.000000 207.000000 208.000000 196.000000 226.000000 147.000000 81.000000 74.000000 20.000000 0.000000 0.000000 0.000000 0.000000
0.000000 0.000000 0.000000 0.000000 0.000000 0.000000 0.000000 74.000000 255.000000 201.000000 212.000000 207.000000 207.000000 207.000000 206.000000 207.000000 206.000000 207.000000 199.000000 218.000000 116.000000 0.000000 0.000000 0.000000 0.000000 0.000000 0.000000 0.000000
0.000000 0.000000 0.000000 5.000000 3.000000 6.000000 0.000000 95.000000 222.000000 201.000000 212.000000 207.000000 207.000000 207.000000 206.000000 208.000000 206.000000 208.000000 200.000000 217.000000 128.000000 0.000000 5.000000 5.000000 5.000000 0.000000 0.000000 0.000000
0.000000 0.000000 0.000000 0.000000 0.000000 4.000000 0.000000 86.000000 220.000000 203.000000 211.000000 208.000000 207.000000 208.000000 205.000000 206.000000 208.000000 205.000000 200.000000 221.000000 111.000000 0.000000 4.000000 0.000000 0.000000 0.000000 0.000000 0.000000
0.000000 0.000000 0.000000 0.000000 0.000000 4.000000 0.000000 83.000000 220.000000 204.000000 209.000000 209.000000 207.000000 209.000000 205.000000 205.000000 208.000000 205.000000 200.000000 220.000000 101.000000 0.000000 4.000000 0.000000 0.000000 0.000000 0.000000 0.000000
0.000000 0.000000 0.000000 0.000000 0.000000 8.000000 0.000000 84.000000 219.000000 205.000000 209.000000 209.000000 207.000000 209.000000 205.000000 205.000000 209.000000 206.000000 198.000000 218.000000 94.000000 0.000000 4.000000 0.000000 0.000000 0.000000 0.000000 0.000000
0.000000 0.000000 0.000000 0.000000 0.000000 8.000000 0.000000 82.000000 218.000000 203.000000 210.000000 209.000000 207.000000 208.000000 206.000000 204.000000 210.000000 208.000000 196.000000 216.000000 88.000000 0.000000 8.000000 0.000000 0.000000 0.000000 0.000000 0.000000
0.000000 0.000000 0.000000 0.000000 0.000000 6.000000 0.000000 55.000000 218.000000 204.000000 213.000000 208.000000 205.000000 207.000000 207.000000 204.000000 210.000000 211.000000 195.000000 208.000000 75.000000 0.000000 7.000000 0.000000 0.000000 0.000000 0.000000 0.000000
0.000000 0.000000 0.000000 0.000000 0.000000 5.000000 0.000000 28.000000 208.000000 207.000000 212.000000 208.000000 205.000000 208.000000 208.000000 204.000000 207.000000 212.000000 199.000000 201.000000 54.000000 0.000000 6.000000 0.000000 0.000000 0.000000 0.000000 0.000000
0.000000 0.000000 0.000000 0.000000 0.000000 3.000000 0.000000 1.000000 201.000000 209.000000 211.000000 208.000000 205.000000 209.000000 209.000000 204.000000 205.000000 213.000000 202.000000 203.000000 39.000000 0.000000 5.000000 0.000000 0.000000 0.000000 0.000000 0.000000
0.000000 0.000000 0.000000 0.000000 0.000000 3.000000 0.000000 0.000000 201.000000 211.000000 211.000000 207.000000 206.000000 210.000000 209.000000 205.000000 204.000000 212.000000 205.000000 206.000000 41.000000 0.000000 6.000000 0.000000 0.000000 0.000000 0.000000 0.000000
0.000000 0.000000 0.000000 0.000000 0.000000 3.000000 0.000000 0.000000 203.000000 211.000000 209.000000 207.000000 208.000000 210.000000 209.000000 207.000000 205.000000 212.000000 204.000000 207.000000 48.000000 0.000000 6.000000 0.000000 0.000000 0.000000 0.000000 0.000000
0.000000 0.000000 0.000000 0.000000 0.000000 3.000000 0.000000 0.000000 201.000000 211.000000 208.000000 208.000000 209.000000 210.000000 209.000000 206.000000 204.000000 212.000000 204.000000 209.000000 58.000000 0.000000 6.000000 0.000000 0.000000 0.000000 0.000000 0.000000
0.000000 0.000000 0.000000 0.000000 0.000000 3.000000 0.000000 0.000000 201.000000 212.000000 207.000000 207.000000 210.000000 210.000000 209.000000 207.000000 204.000000 214.000000 203.000000 211.000000 66.000000 0.000000 7.000000 0.000000 0.000000 0.000000 0.000000 0.000000
0.000000 0.000000 0.000000 0.000000 0.000000 2.000000 0.000000 0.000000 197.000000 214.000000 207.000000 207.000000 210.000000 212.000000 211.000000 208.000000 202.000000 210.000000 204.000000 214.000000 77.000000 0.000000 8.000000 0.000000 0.000000 0.000000 0.000000 0.000000
0.000000 0.000000 0.000000 0.000000 0.000000 2.000000 0.000000 0.000000 191.000000 210.000000 204.000000 203.000000 205.000000 205.000000 203.000000 203.000000 195.000000 201.000000 203.000000 211.000000 83.000000 0.000000 8.000000 0.000000 0.000000 0.000000 0.000000 0.000000
0.000000 0.000000 0.000000 0.000000 0.000000 3.000000 0.000000 2.000000 216.000000 224.000000 216.000000 241.000000 242.000000 242.000000 244.000000 246.000000 242.000000 238.000000 216.000000 230.000000 148.000000 0.000000 8.000000 0.000000 0.000000 0.000000 0.000000 0.000000
0.000000 0.000000 0.000000 0.000000 0.000000 2.000000 0.000000 0.000000 138.000000 118.000000 128.000000 132.000000 133.000000 130.000000 126.000000 120.000000 113.000000 106.000000 107.000000 123.000000 72.000000 0.000000 3.000000 0.000000 0.000000 0.000000 0.000000 0.000000
