0.000000 0.000000 0.000000 0.000000 0.000000 0.000000 0.000000 0.000000 0.000000 52.000000 192.000000 115.000000 27.000000 1.000000 1.000000 31.000000 143.000000 179.000000 32.000000 0.000000 0.000000 0.000000 0.000000 0.000000 0.000000 0.000000 0.000000 0.000000
0.000000 0.000000 0.000000 0.000000 0.000000 0.000000 5.000000 113.000000 185.000000 216.000000 190.000000 229.000000 237.000000 220.000000 217.000000 242.000000 201.000000 191.000000 222.000000 167.000000 87.000000 0.000000 0.000000 0.000000 0.000000 0.000000 0.000000 0.000000
0.000000 0.000000 0.000000 0.000000 0.000000 50.000000 175.000000 194.000000 189.000000 186.000000 185.000000 187.000000 199.000000 188.000000 184.000000 193.000000 185.000000 188.000000 183.000000 187.000000 193.000000 210.000000 15.000000 0.000000 0.000000 0.000000 0.000000 0.000000
0.000000 0.000000 0.000000 0.000000 0.000000 199.000000 194.000000 181.000000 188.000000 190.000000 189.000000 188.000000 192.000000 199.000000 197.000000 195.000000 192.000000 191.000000 188.000000 184.000000 177.000000 189.000000 178.000000 0.000000 0.000000 0.000000 0.000000 0.000000
0.000000 0.000000 0.000000 0.000000 48.000000 194.000000 189.000000 189.000000 193.000000 189.000000 189.000000 188.000000 188.000000 191.000000 191.000000 190.000000 193.000000 190.000000 188.000000 186.000000 194.000000 184.000000 189.000000 42.000000 0.000000 0.000000 0.000000 0.000000
0.000000 0.000000 0.000000 0.000000 194.000000 228.000000 196.000000 190.000000 189.000000 191.000000 177.000000 177.000000 181.000000 187.000000 186.000000 184.000000 180.000000 181.000000 188.000000 192.000000 188.000000 187.000000 191.000000 126.000000 0.000000 0.000000 0.000000 0.000000
0.000000 0.000000 0.000000 0.000000 219.000000 238.000000 205.000000 190.000000 190.000000 179.000000 192.000000 220.000000 209.000000 224.000000 231.000000 220.000000 227.000000 206.000000 184.000000 189.000000 188.000000 196.000000 186.000000 190.000000 0.000000 0.000000 0.000000 0.000000
0.000000 0.000000 0.000000 66.000000 235.000000 225.000000 202.000000 188.000000 190.000000 221.000000 214.000000 189.000000 161.000000 169.000000 191.000000 176.000000 207.000000 194.000000 239.000000 191.000000 185.000000 196.000000 184.000000 178.000000 47.000000 0.000000 0.000000 0.000000
0.000000 0.000000 0.000000 131.000000 243.000000 217.000000 198.000000 187.000000 229.000000 179.000000 171.000000 165.000000 161.000000 173.000000 175.000000 158.000000 175.000000 119.000000 179.000000 239.000000 181.000000 192.000000 190.000000 196.000000 115.000000 0.000000 0.000000 0.000000
0.000000 0.000000 0.000000 0.000000 107.000000 225.000000 255.000000 188.000000 211.000000 174.000000 123.000000 223.000000 221.000000 228.000000 240.000000 217.000000 211.000000 150.000000 220.000000 214.000000 185.000000 215.000000 209.000000 71.000000 0.000000 0.000000 0.000000 0.000000
0.000000 0.000000 0.000000 0.000000 0.000000 0.000000 99.000000 219.000000 186.000000 226.000000 235.000000 226.000000 198.000000 190.000000 186.000000 196.000000 211.000000 224.000000 230.000000 184.000000 209.000000 115.000000 0.000000 0.000000 0.000000 0.000000 0.000000 0.000000
0.000000 0.000000 0.000000 1.000000 2.000000 0.000000 0.000000 219.000000 199.000000 193.000000 204.000000 184.000000 190.000000 192.000000 195.000000 188.000000 212.000000 231.000000 227.000000 217.000000 195.000000 0.000000 0.000000 3.000000 0.000000 0.000000 0.000000 0.000000
0.000000 0.000000 0.000000 0.000000 2.000000 0.000000 0.000000 222.000000 198.000000 196.000000 195.000000 197.000000 194.000000 193.000000 198.000000 183.000000 228.000000 244.000000 227.000000 216.000000 195.000000 0.000000 0.000000 0.000000 0.000000 0.000000 0.000000 0.000000
0.000000 0.000000 0.000000 0.000000 1.000000 0.000000 0.000000 217.000000 197.000000 196.000000 199.000000 197.000000 195.000000 197.000000 195.000000 194.000000 201.000000 232.000000 227.000000 209.000000 183.000000 0.000000 0.000000 1.000000 0.000000 0.000000 0.000000 0.000000
0.000000 0.000000 0.000000 0.000000 2.000000 0.000000 0.000000 217.000000 197.000000 197.000000 199.000000 198.000000 198.000000 199.000000 196.000000 202.000000 191.000000 193.000000 195.000000 197.000000 184.000000 0.000000 0.000000 0.000000 0.000000 0.000000 0.000000 0.000000
0.000000 0.000000 0.000000 0.000000 2.000000 0.000000 0.000000 215.000000 198.000000 198.000000 199.000000 199.000000 201.000000 201.000000 198.000000 201.000000 197.000000 193.000000 185.000000 198.000000 183.000000 0.000000 0.000000 1.000000 0.000000 0.000000 0.000000 0.000000
0.000000 0.000000 0.000000 0.000000 2.000000 0.000000 0.000000 212.000000 199.000000 198.000000 198.000000 201.000000 202.000000 202.000000 197.000000 199.000000 198.000000 198.000000 190.000000 199.000000 183.000000 0.000000 0.000000 1.000000 0.000000 0.000000 0.000000 0.000000
0.000000 0.000000 0.000000 0.000000 2.000000 0.000000 0.000000 214.000000 201.000000 199.000000 199.000000 201.000000 202.000000 202.000000 199.000000 201.000000 198.000000 197.000000 191.000000 198.000000 185.000000 0.000000 0.000000 1.000000 0.000000 0.000000 0.000000 0.000000
0.000000 0.000000 0.000000 0.000000 2.000000 0.000000 0.000000 216.000000 203.000000 199.000000 201.000000 202.000000 204.000000 202.000000 199.000000 201.000000 198.000000 197.000000 193.000000 196.000000 191.000000 0.000000 0.000000 1.000000 0.000000 0.000000 0.000000 0.000000
0.000000 0.000000 0.000000 0.000000 2.000000 0.000000 0.000000 217.000000 202.000000 197.000000 203.000000 202.000000 202.000000 204.000000 203.000000 202.000000 201.000000 198.000000 195.000000 195.000000 201.000000 0.000000 0.000000 1.000000 0.000000 0.000000 0.000000 0.000000
0.000000 0.000000 0.000000 0.000000 3.000000 0.000000 0.000000 217.000000 199.000000 197.000000 205.000000 203.000000 203.000000 204.000000 202.000000 202.000000 202.000000 199.000000 195.000000 195.000000 204.000000 0.000000 0.000000 1.000000 0.000000 0.000000 0.000000 0.000000
0.000000 0.000000 0.000000 0.000000 2.000000 0.000000 0.000000 221.000000 198.000000 198.000000 204.000000 202.000000 202.000000 203.000000 201.000000 199.000000 201.000000 199.000000 195.000000 196.000000 198.000000 0.000000 0.000000 1.000000 0.000000 0.000000 0.000000 0.000000
0.000000 0.000000 0.000000 0.000000 2.000000 0.000000 0.000000 224.000000 198.000000 201.000000 201.000000 199.000000 199.000000 202.000000 201.000000 199.000000 199.000000 199.000000 195.000000 196.000000 194.000000 0.000000 0.000000 1.000000 0.000000 0.000000 0.000000 0.000000
0.000000 0.000000 0.000000 0.000000 2.000000 0.000000 11.000000 191.000000 194.000000 203.000000 201.000000 199.000000 197.000000 198.000000 199.000000 198.000000 198.000000 198.000000 199.000000 198.000000 195.000000 0.000000 0.000000 1.000000 0.000000 0.000000 0.000000 0.000000
0.000000 0.000000 0.000000 0.000000 2.000000 0.000000 11.000000 193.000000 196.000000 201.000000 196.000000 196.000000 196.000000 196.000000 197.000000 198.000000 198.000000 197.000000 198.000000 198.000000 204.000000 0.000000 0.000000 1.000000 0.000000 0.000000 0.000000 0.000000
0.000000 0.000000 0.000000 0.000000 2.000000 0.000000 10.000000 191.000000 196.000000 193.000000 193.000000 194.000000 197.000000 195.000000 195.000000 197.000000 197.000000 196.000000 194.000000 197.000000 199.000000 0.000000 0.000000 1.000000 0.000000 0.000000 0.000000 0.000000
0.000000 0.000000 0.000000 0.000000 3.000000 0.000000 11.000000 198.000000 204.000000 205.000000 201.000000 197.000000 198.000000 193.000000 191.000000 195.000000 198.000000 202.000000 203.000000 206.000000 222.000000 0.000000 0.000000 1.000000 0.000000 0.000000 0.000000 0.000000
0.000000 0.000000 0.000000 0.000000 2.000000 0.000000 0.000000 175.000000 180.000000 168.000000 193.000000 202.000000 202.000000 194.000000 195.000000 202.000000 206.000000 195.000000 187.000000 173.000000 148.000000 0.000000 0.000000 1.000000 0.000000 0.000000 0.000000 0.000000
