0.000000 0.000000 0.000000 0.000000 0.000000 0.000000 0.000000 0.000000 0.000000 0.000000 0.000000 140.000000 202.000000 192.000000 190.000000 211.000000 145.000000 0.000000 0.000000 0.000000 0.000000 0.000000 0.000000 0.000000 0.000000 0.000000 0.000000 0.000000
0.000000 0.000000 0.000000 0.000000 0.000000 0.000000 0.000000 1.000000 1.000000 0.000000 0.000000 192.000000 177.000000 222.000000 211.000000 206.000000 177.000000 0.000000 0.000000 5.000000 1.000000 1.000000 0.000000 1.000000 1.000000 0.000000 0.000000 0.000000
0.000000 0.000000 0.000000 0.000000 0.000000 0.000000 0.000000 0.000000 0.000000 0.000000 79.000000 199.000000 97.000000 209.000000 180.000000 69.000000 157.000000 69.000000 0.000000 0.000000 0.000000 3.000000 1.000000 0.000000 0.000000 0.000000 0.000000 0.000000
0.000000 0.000000 0.000000 0.000000 0.000000 0.000000 0.000000 10.000000 70.000000 158.000000 199.000000 153.000000 118.000000 224.000000 226.000000 97.000000 150.000000 179.000000 128.000000 64.000000 11.000000 0.000000 0.000000 0.000000 0.000000 0.000000 0.000000 0.000000
0.000000 0.000000 0.000000 0.000000 1.000000 0.000000 94.000000 153.000000 151.000000 146.000000 113.000000 116.000000 121.000000 157.000000 175.000000 99.000000 111.000000 109.000000 155.000000 145.000000 136.000000 69.000000 0.000000 5.000000 0.000000 0.000000 0.000000 0.000000
0.000000 0.000000 0.000000 0.000000 0.000000 0.000000 140.000000 151.000000 141.000000 121.000000 116.000000 123.000000 109.000000 140.000000 160.000000 87.000000 121.000000 104.000000 106.000000 126.000000 138.000000 143.000000 0.000000 0.000000 0.000000 0.000000 0.000000 0.000000
0.000000 0.000000 0.000000 3.000000 0.000000 16.000000 155.000000 157.000000 128.000000 111.000000 124.000000 126.000000 106.000000 146.000000 165.000000 103.000000 121.000000 118.000000 108.000000 131.000000 145.000000 145.000000 15.000000 0.000000 3.000000 0.000000 0.000000 0.000000
0.000000 0.000000 0.000000 5.000000 0.000000 47.000000 179.000000 190.000000 141.000000 116.000000 124.000000 128.000000 106.000000 148.000000 165.000000 111.000000 119.000000 113.000000 101.000000 155.000000 163.000000 162.000000 42.000000 0.000000 3.000000 0.000000 0.000000 0.000000
0.000000 0.000000 0.000000 1.000000 0.000000 92.000000 189.000000 214.000000 197.000000 109.000000 121.000000 119.000000 108.000000 148.000000 163.000000 101.000000 123.000000 121.000000 99.000000 185.000000 177.000000 172.000000 87.000000 0.000000 3.000000 0.000000 0.000000 0.000000
0.000000 0.000000 0.000000 0.000000 0.000000 114.000000 197.000000 243.000000 194.000000 114.000000 126.000000 128.000000 118.000000 162.000000 167.000000 116.000000 138.000000 124.000000 81.000000 217.000000 209.000000 167.000000 113.000000 0.000000 0.000000 0.000000 0.000000 0.000000
0.000000 0.000000 0.000000 0.000000 0.000000 138.000000 192.000000 249.000000 133.000000 150.000000 162.000000 160.000000 131.000000 173.000000 172.000000 146.000000 155.000000 162.000000 108.000000 168.000000 212.000000 162.000000 145.000000 0.000000 0.000000 0.000000 0.000000 0.000000
0.000000 0.000000 0.000000 0.000000 0.000000 173.000000 182.000000 241.000000 94.000000 180.000000 170.000000 165.000000 138.000000 170.000000 168.000000 146.000000 157.000000 163.000000 121.000000 89.000000 204.000000 157.000000 160.000000 0.000000 0.000000 0.000000 0.000000 0.000000
0.000000 0.000000 0.000000 0.000000 0.000000 185.000000 179.000000 241.000000 62.000000 175.000000 155.000000 157.000000 140.000000 189.000000 190.000000 141.000000 162.000000 155.000000 121.000000 55.000000 211.000000 157.000000 177.000000 3.000000 0.000000 0.000000 0.000000 0.000000
0.000000 0.000000 0.000000 0.000000 10.000000 165.000000 179.000000 226.000000 23.000000 189.000000 158.000000 167.000000 158.000000 206.000000 199.000000 138.000000 153.000000 163.000000 135.000000 28.000000 219.000000 170.000000 157.000000 18.000000 0.000000 0.000000 0.000000 0.000000
0.000000 0.000000 0.000000 0.000000 35.000000 175.000000 185.000000 238.000000 0.000000 185.000000 153.000000 151.000000 143.000000 200.000000 195.000000 141.000000 153.000000 155.000000 143.000000 0.000000 234.000000 173.000000 157.000000 70.000000 0.000000 0.000000 0.000000 0.000000
0.000000 0.000000 0.000000 0.000000 72.000000 180.000000 189.000000 207.000000 0.000000 199.000000 179.000000 158.000000 146.000000 206.000000 202.000000 151.000000 165.000000 165.000000 158.000000 0.000000 217.000000 184.000000 162.000000 103.000000 0.000000 0.000000 0.000000 0.000000
0.000000 0.000000 0.000000 0.000000 106.000000 173.000000 199.000000 168.000000 0.000000 204.000000 172.000000 168.000000 140.000000 199.000000 195.000000 138.000000 151.000000 157.000000 170.000000 0.000000 197.000000 192.000000 158.000000 124.000000 0.000000 0.000000 0.000000 0.000000
0.000000 0.000000 0.000000 0.000000 136.000000 175.000000 217.000000 103.000000 10.000000 195.000000 160.000000 158.000000 133.000000 199.000000 197.000000 138.000000 153.000000 141.000000 168.000000 0.000000 146.000000 207.000000 170.000000 131.000000 0.000000 0.000000 0.000000 0.000000
0.000000 0.000000 0.000000 0.000000 170.000000 180.000000 214.000000 67.000000 74.000000 190.000000 157.000000 163.000000 143.000000 194.000000 199.000000 138.000000 155.000000 148.000000 177.000000 5.000000 97.000000 216.000000 175.000000 167.000000 0.000000 0.000000 0.000000 0.000000
0.000000 0.000000 0.000000 0.000000 184.000000 172.000000 224.000000 72.000000 121.000000 177.000000 163.000000 173.000000 140.000000 192.000000 206.000000 133.000000 157.000000 151.000000 175.000000 54.000000 87.000000 227.000000 153.000000 157.000000 0.000000 0.000000 0.000000 0.000000
0.000000 0.000000 0.000000 0.000000 190.000000 175.000000 248.000000 42.000000 153.000000 180.000000 157.000000 172.000000 136.000000 190.000000 204.000000 131.000000 136.000000 131.000000 163.000000 99.000000 70.000000 226.000000 155.000000 160.000000 1.000000 0.000000 0.000000 0.000000
0.000000 0.000000 0.000000 13.000000 192.000000 190.000000 243.000000 35.000000 187.000000 163.000000 153.000000 167.000000 143.000000 202.000000 206.000000 153.000000 143.000000 138.000000 146.000000 138.000000 89.000000 224.000000 163.000000 170.000000 21.000000 0.000000 0.000000 0.000000
0.000000 0.000000 0.000000 30.000000 184.000000 206.000000 226.000000 59.000000 189.000000 146.000000 165.000000 157.000000 146.000000 211.000000 199.000000 153.000000 160.000000 140.000000 131.000000 141.000000 42.000000 234.000000 162.000000 158.000000 30.000000 0.000000 0.000000 0.000000
0.000000 0.000000 0.000000 57.000000 179.000000 221.000000 221.000000 69.000000 168.000000 150.000000 168.000000 173.000000 151.000000 195.000000 197.000000 133.000000 184.000000 131.000000 133.000000 128.000000 18.000000 224.000000 170.000000 153.000000 40.000000 0.000000 0.000000 0.000000
0.000000 0.000000 0.000000 57.000000 165.000000 241.000000 197.000000 89.000000 204.000000 179.000000 180.000000 182.000000 173.000000 197.000000 209.000000 148.000000 170.000000 163.000000 143.000000 157.000000 18.000000 195.000000 185.000000 143.000000 55.000000 0.000000 0.000000 0.000000
0.000000 0.000000 0.000000 72.000000 165.000000 255.000000 150.000000 52.000000 185.000000 175.000000 184.000000 180.000000 157.000000 200.000000 206.000000 157.000000 194.000000 163.000000 175.000000 173.000000 0.000000 167.000000 199.000000 128.000000 54.000000 0.000000 0.000000 0.000000
0.000000 0.000000 0.000000 84.000000 175.000000 249.000000 123.000000 0.000000 0.000000 0.000000 0.000000 0.000000 0.000000 0.000000 0.000000 0.000000 0.000000 0.000000 0.000000 0.000000 0.000000 182.000000 200.000000 128.000000 70.000000 0.000000 0.000000 0.000000
0.000000 0.000000 0.000000 86.000000 175.000000 244.000000 67.000000 0.000000 0.000000 0.000000 0.000000 0.000000 0.000000 0.000000 0.000000 0.000000 0.000000 0.000000 0.000000 0.000000 0.000000 150.000000 192.000000 116.000000 74.000000 0.000000 0.000000 0.000000
