0.000000 0.000000 0.000000 0.000000 0.000000 0.000000 0.000000 0.000000 0.000000 0.000000 142.000000 118.000000 98.000000 147.000000 230.000000 129.000000 101.000000 129.000000 63.000000 0.000000 0.000000 0.000000 0.000000 0.000000 0.000000 0.000000 0.000000 0.000000
0.000000 0.000000 0.000000 0.000000 0.000000 0.000000 0.000000 0.000000 0.000000 17.000000 180.000000 145.000000 98.000000 222.000000 254.000000 202.000000 87.000000 136.000000 94.000000 0.000000 0.000000 0.000000 0.000000 0.000000 0.000000 0.000000 0.000000 0.000000
0.000000 0.000000 0.000000 0.000000 0.000000 0.000000 0.000000 0.000000 0.000000 96.000000 120.000000 92.000000 57.000000 204.000000 123.000000 178.000000 57.000000 83.000000 70.000000 8.000000 0.000000 0.000000 0.000000 0.000000 0.000000 0.000000 0.000000 0.000000
0.000000 0.000000 0.000000 0.000000 0.000000 0.000000 0.000000 0.000000 0.000000 138.000000 98.000000 94.000000 52.000000 250.000000 114.000000 173.000000 54.000000 101.000000 72.000000 32.000000 0.000000 0.000000 0.000000 0.000000 0.000000 0.000000 0.000000 0.000000
0.000000 0.000000 0.000000 0.000000 0.000000 0.000000 0.000000 0.000000 32.000000 125.000000 92.000000 98.000000 63.000000 195.000000 105.000000 180.000000 63.000000 103.000000 59.000000 52.000000 0.000000 0.000000 0.000000 0.000000 0.000000 0.000000 0.000000 0.000000
0.000000 0.000000 0.000000 0.000000 0.000000 0.000000 0.000000 0.000000 52.000000 125.000000 83.000000 94.000000 83.000000 109.000000 112.000000 186.000000 65.000000 105.000000 54.000000 68.000000 0.000000 0.000000 0.000000 0.000000 0.000000 0.000000 0.000000 0.000000
0.000000 0.000000 0.000000 0.000000 0.000000 0.000000 0.000000 0.000000 63.000000 118.000000 85.000000 94.000000 87.000000 83.000000 90.000000 109.000000 79.000000 96.000000 54.000000 68.000000 0.000000 0.000000 0.000000 0.000000 0.000000 0.000000 0.000000 0.000000
0.000000 0.000000 0.000000 0.000000 0.000000 0.000000 0.000000 0.000000 61.000000 107.000000 85.000000 90.000000 79.000000 85.000000 96.000000 87.000000 98.000000 90.000000 61.000000 59.000000 0.000000 0.000000 0.000000 0.000000 0.000000 0.000000 0.000000 0.000000
0.000000 0.000000 0.000000 0.000000 0.000000 0.000000 0.000000 0.000000 83.000000 105.000000 83.000000 94.000000 59.000000 217.000000 125.000000 103.000000 107.000000 87.000000 74.000000 79.000000 0.000000 0.000000 0.000000 0.000000 0.000000 0.000000 0.000000 0.000000
0.000000 0.000000 0.000000 0.000000 0.000000 0.000000 0.000000 0.000000 87.000000 96.000000 87.000000 85.000000 61.000000 153.000000 109.000000 120.000000 107.000000 90.000000 79.000000 19.000000 0.000000 0.000000 0.000000 0.000000 0.000000 0.000000 0.000000 0.000000
0.000000 0.000000 0.000000 0.000000 0.000000 0.000000 0.000000 0.000000 96.000000 94.000000 83.000000 68.000000 98.000000 0.000000 96.000000 153.000000 83.000000 92.000000 81.000000 13.000000 0.000000 0.000000 0.000000 0.000000 0.000000 0.000000 0.000000 0.000000
0.000000 0.000000 0.000000 0.000000 0.000000 0.000000 0.000000 0.000000 96.000000 94.000000 74.000000 87.000000 54.000000 0.000000 116.000000 140.000000 87.000000 92.000000 83.000000 0.000000 0.000000 0.000000 0.000000 0.000000 0.000000 0.000000 0.000000 0.000000
0.000000 0.000000 0.000000 0.000000 0.000000 0.000000 0.000000 0.000000 101.000000 92.000000 72.000000 94.000000 8.000000 0.000000 107.000000 116.000000 90.000000 85.000000 79.000000 0.000000 0.000000 0.000000 0.000000 0.000000 0.000000 0.000000 0.000000 0.000000
0.000000 0.000000 0.000000 0.000000 0.000000 0.000000 0.000000 0.000000 101.000000 92.000000 74.000000 81.000000 0.000000 0.000000 76.000000 125.000000 92.000000 83.000000 74.000000 0.000000 0.000000 0.000000 0.000000 0.000000 0.000000 0.000000 0.000000 0.000000
0.000000 0.000000 0.000000 0.000000 0.000000 0.000000 0.000000 0.000000 98.000000 79.000000 85.000000 63.000000 0.000000 0.000000 54.000000 136.000000 90.000000 85.000000 59.000000 0.000000 0.000000 0.000000 0.000000 0.000000 0.000000 0.000000 0.000000 0.000000
0.000000 0.000000 0.000000 0.000000 0.000000 0.000000 0.000000 0.000000 107.000000 72.000000 92.000000 46.000000 0.000000 0.000000 41.000000 134.000000 90.000000 87.000000 52.000000 0.000000 0.000000 0.000000 0.000000 0.000000 0.000000 0.000000 0.000000 0.000000
0.000000 0.000000 0.000000 0.000000 0.000000 0.000000 0.000000 0.000000 109.000000 83.000000 98.000000 28.000000 0.000000 0.000000 6.000000 136.000000 98.000000 87.000000 37.000000 0.000000 0.000000 0.000000 0.000000 0.000000 0.000000 0.000000 0.000000 0.000000
0.000000 0.000000 0.000000 0.000000 0.000000 0.000000 0.000000 0.000000 103.000000 85.000000 103.000000 35.000000 0.000000 0.000000 0.000000 125.000000 109.000000 96.000000 19.000000 0.000000 0.000000 0.000000 0.000000 0.000000 0.000000 0.000000 0.000000 0.000000
0.000000 0.000000 0.000000 0.000000 0.000000 0.000000 0.000000 0.000000 92.000000 101.000000 103.000000 30.000000 0.000000 0.000000 0.000000 120.000000 129.000000 103.000000 13.000000 0.000000 0.000000 0.000000 0.000000 0.000000 0.000000 0.000000 0.000000 0.000000
0.000000 0.000000 0.000000 0.000000 0.000000 0.000000 0.000000 0.000000 59.000000 116.000000 109.000000 41.000000 0.000000 0.000000 0.000000 118.000000 125.000000 94.000000 15.000000 0.000000 0.000000 0.000000 0.000000 0.000000 0.000000 0.000000 0.000000 0.000000
0.000000 0.000000 0.000000 0.000000 0.000000 0.000000 0.000000 0.000000 43.000000 116.000000 101.000000 74.000000 0.000000 0.000000 0.000000 125.000000 125.000000 98.000000 15.000000 0.000000 0.000000 0.000000 0.000000 0.000000 0.000000 0.000000 0.000000 0.000000
0.000000 0.000000 0.000000 0.000000 0.000000 0.000000 0.000000 0.000000 19.000000 129.000000 105.000000 87.000000 0.000000 0.000000 0.000000 114.000000 134.000000 98.000000 8.000000 0.000000 0.000000 0.000000 0.000000 0.000000 0.000000 0.000000 0.000000 0.000000
0.000000 0.000000 0.000000 0.000000 0.000000 0.000000 0.000000 0.000000 0.000000 125.000000 103.000000 101.000000 0.000000 0.000000 0.000000 105.000000 131.000000 94.000000 0.000000 0.000000 0.000000 0.000000 0.000000 0.000000 0.000000 0.000000 0.000000 0.000000
0.000000 0.000000 0.000000 0.000000 0.000000 0.000000 0.000000 0.000000 0.000000 114.000000 109.000000 101.000000 0.000000 0.000000 0.000000 109.000000 134.000000 94.000000 0.000000 0.000000 0.000000 0.000000 0.000000 0.000000 0.000000 0.000000 0.000000 0.000000
0.000000 0.000000 0.000000 0.000000 0.000000 0.000000 0.000000 0.000000 0.000000 92.000000 125.000000 90.000000 0.000000 0.000000 0.000000 114.000000 149.000000 92.000000 0.000000 0.000000 0.000000 0.000000 0.000000 0.000000 0.000000 0.000000 0.000000 0.000000
0.000000 0.000000 0.000000 0.000000 0.000000 0.000000 0.000000 0.000000 0.000000 65.000000 129.000000 96.000000 0.000000 0.000000 0.000000 90.000000 140.000000 90.000000 0.000000 0.000000 0.000000 0.000000 0.000000 0.000000 0.000000 0.000000 0.000000 0.000000
0.000000 0.000000 0.000000 0.000000 0.000000 0.000000 0.000000 0.000000 0.000000 28.000000 149.000000 112.000000 0.000000 0.000000 0.000000 52.000000 162.000000 87.000000 0.000000 0.000000 0.000000 0.000000 0.000000 0.000000 0.000000 0.000000 0.000000 0.000000
0.000000 0.000000 0.000000 0.000000 0.000000 0.000000 0.000000 0.000000 0.000000 0.000000 107.000000 74.000000 0.000000 0.000000 0.000000 15.000000 167.000000 79.000000 0.000000 0.000000 0.000000 0.000000 0.000000 0.000000 0.000000 0.000000 0.000000 0.000000
