0.000000 0.000000 0.000000 0.000000 0.000000 0.000000 0.000000 0.000000 0.000000 0.000000 0.000000 0.000000 0.000000 0.000000 0.000000 0.000000 0.000000 0.000000 0.000000 0.000000 0.000000 0.000000 0.000000 0.000000 0.000000 0.000000 0.000000 0.000000
0.000000 0.000000 0.000000 0.000000 0.000000 0.000000 0.000000 0.000000 0.000000 0.000000 0.000000 0.000000 0.000000 0.000000 0.000000 0.000000 0.000000 0.000000 0.000000 0.000000 0.000000 0.000000 0.000000 0.000000 0.000000 0.000000 0.000000 0.000000
0.000000 0.000000 0.000000 0.000000 0.000000 0.000000 0.000000 0.000000 0.000000 0.000000 0.000000 0.000000 0.000000 0.000000 0.000000 0.000000 0.000000 0.000000 0.000000 0.000000 0.000000 0.000000 0.000000 0.000000 0.000000 0.000000 0.000000 0.000000
0.000000 0.000000 0.000000 0.000000 0.000000 0.000000 0.000000 0.000000 0.000000 0.000000 0.000000 0.000000 0.000000 0.000000 0.000000 0.000000 0.000000 0.000000 0.000000 0.000000 0.000000 0.000000 0.000000 0.000000 0.000000 0.000000 0.000000 0.000000
0.000000 0.000000 0.000000 0.000000 0.000000 0.000000 0.000000 0.000000 0.000000 0.000000 0.000000 0.000000 0.000000 0.000000 0.000000 0.000000 0.000000 0.000000 0.000000 0.000000 0.000000 0.000000 0.000000 0.000000 0.000000 0.000000 0.000000 0.000000
0.000000 0.000000 0.000000 0.000000 0.000000 0.000000 0.000000 0.000000 0.000000 0.000000 0.000000 0.000000 0.000000 0.000000 0.000000 0.000000 0.000000 0.000000 0.000000 0.000000 0.000000 0.000000 0.000000 0.000000 0.000000 0.000000 0.000000 0.000000
0.000000 0.000000 0.000000 0.000000 0.000000 0.000000 0.000000 0.000000 0.000000 0.000000 0.000000 0.000000 0.000000 0.000000 0.000000 0.000000 0.000000 0.000000 0.000000 0.000000 0.000000 0.000000 0.000000 0.000000 0.000000 0.000000 0.000000 0.000000
0.000000 0.000000 0.000000 0.000000 0.000000 0.000000 0.000000 0.000000 0.000000 0.000000 0.000000 0.000000 0.000000 0.000000 0.000000 0.000000 0.000000 0.000000 0.000000 0.000000 0.000000 0.000000 0.000000 0.000000 0.000000 0.000000 0.000000 0.000000
0.000000 0.000000 0.000000 0.000000 0.000000 0.000000 0.000000 0.000000 0.000000 0.000000 0.000000 0.000000 0.000000 0.000000 0.000000 0.000000 0.000000 0.000000 0.000000 0.000000 0.000000 0.000000 0.000000 0.000000 0.000000 0.000000 0.000000 0.000000
0.000000 0.000000 0.000000 0.000000 0.000000 0.000000 0.000000 0.000000 0.000000 0.000000 0.000000 106.000000 150.000000 0.000000 0.000000 0.000000 1.000000 0.000000 0.000000 0.000000 0.000000 0.000000 0.000000 0.000000 0.000000 0.000000 0.000000 0.000000
0.000000 9.000000 0.000000 0.000000 9.000000 3.000000 3.000000 3.000000 0.000000 0.000000 75.000000 132.000000 128.000000 162.000000 29.000000 0.000000 0.000000 0.000000 3.000000 3.000000 0.000000 0.000000 0.000000 0.000000 0.000000 0.000000 0.000000 0.000000
0.000000 171.000000 63.000000 0.000000 0.000000 0.000000 0.000000 0.000000 0.000000 0.000000 181.000000 128.000000 122.000000 134.000000 116.000000 94.000000 13.000000 0.000000 0.000000 3.000000 1.000000 1.000000 1.000000 1.000000 0.000000 0.000000 0.000000 0.000000
11.000000 199.000000 140.000000 73.000000 29.000000 11.000000 1.000000 3.000000 33.000000 130.000000 158.000000 108.000000 185.000000 106.000000 122.000000 168.000000 134.000000 100.000000 31.000000 0.000000 0.000000 0.000000 0.000000 3.000000 5.000000 3.000000 0.000000 0.000000
55.000000 199.000000 152.000000 164.000000 118.000000 112.000000 106.000000 142.000000 187.000000 193.000000 132.000000 158.000000 114.000000 96.000000 100.000000 96.000000 118.000000 138.000000 156.000000 116.000000 73.000000 21.000000 0.000000 0.000000 0.000000 0.000000 0.000000 0.000000
71.000000 217.000000 148.000000 179.000000 199.000000 181.000000 187.000000 173.000000 130.000000 92.000000 90.000000 88.000000 108.000000 106.000000 88.000000 106.000000 108.000000 108.000000 108.000000 122.000000 134.000000 126.000000 116.000000 100.000000 69.000000 47.000000 7.000000 0.000000
59.000000 255.000000 120.000000 116.000000 134.000000 142.000000 126.000000 118.000000 126.000000 138.000000 138.000000 126.000000 116.000000 122.000000 130.000000 124.000000 110.000000 116.000000 130.000000 110.000000 104.000000 104.000000 112.000000 122.000000 126.000000 116.000000 171.000000 79.000000
138.000000 229.000000 146.000000 160.000000 126.000000 104.000000 108.000000 134.000000 140.000000 144.000000 144.000000 142.000000 140.000000 136.000000 114.000000 108.000000 94.000000 94.000000 106.000000 83.000000 86.000000 92.000000 96.000000 104.000000 118.000000 142.000000 170.000000 193.000000
173.000000 195.000000 102.000000 146.000000 154.000000 152.000000 142.000000 144.000000 144.000000 146.000000 152.000000 158.000000 156.000000 150.000000 156.000000 150.000000 140.000000 136.000000 136.000000 126.000000 128.000000 140.000000 156.000000 170.000000 158.000000 166.000000 207.000000 223.000000
164.000000 251.000000 201.000000 193.000000 199.000000 209.000000 195.000000 175.000000 187.000000 189.000000 189.000000 187.000000 183.000000 179.000000 177.000000 171.000000 171.000000 166.000000 154.000000 158.000000 168.000000 181.000000 189.000000 195.000000 191.000000 195.000000 215.000000 94.000000
17.000000 134.000000 116.000000 136.000000 142.000000 136.000000 146.000000 164.000000 162.000000 166.000000 164.000000 160.000000 162.000000 171.000000 170.000000 164.000000 170.000000 164.000000 150.000000 152.000000 154.000000 150.000000 134.000000 126.000000 108.000000 69.000000 0.000000 0.000000
0.000000 0.000000 0.000000 0.000000 0.000000 0.000000 0.000000 0.000000 0.000000 0.000000 0.000000 0.000000 0.000000 0.000000 0.000000 0.000000 0.000000 0.000000 0.000000 0.000000 0.000000 0.000000 0.000000 0.000000 0.000000 0.000000 0.000000 0.000000
0.000000 0.000000 0.000000 0.000000 0.000000 0.000000 0.000000 0.000000 0.000000 0.000000 0.000000 0.000000 0.000000 0.000000 0.000000 0.000000 0.000000 0.000000 0.000000 0.000000 0.000000 0.000000 0.000000 0.000000 0.000000 0.000000 0.000000 0.000000
0.000000 0.000000 0.000000 0.000000 0.000000 0.000000 0.000000 0.000000 0.000000 0.000000 0.000000 0.000000 0.000000 0.000000 0.000000 0.000000 0.000000 0.000000 0.000000 0.000000 0.000000 0.000000 0.000000 0.000000 0.000000 0.000000 0.000000 0.000000
0.000000 0.000000 0.000000 0.000000 0.000000 0.000000 0.000000 0.000000 0.000000 0.000000 0.000000 0.000000 0.000000 0.000000 0.000000 0.000000 0.000000 0.000000 0.000000 0.000000 0.000000 0.000000 0.000000 0.000000 0.000000 0.000000 0.000000 0.000000
0.000000 0.000000 0.000000 0.000000 0.000000 0.000000 0.000000 0.000000 0.000000 0.000000 0.000000 0.000000 0.000000 0.000000 0.000000 0.000000 0.000000 0.000000 0.000000 0.000000 0.000000 0.000000 0.000000 0.000000 0.000000 0.000000 0.000000 0.000000
0.000000 0.000000 0.000000 0.000000 0.000000 0.000000 0.000000 0.000000 0.000000 0.000000 0.000000 0.000000 0.000000 0.000000 0.000000 0.000000 0.000000 0.000000 0.000000 0.000000 0.000000 0.000000 0.000000 0.000000 0.000000 0.000000 0.000000 0.000000
0.000000 0.000000 0.000000 0.000000 0.000000 0.000000 0.000000 0.000000 0.000000 0.000000 0.000000 0.000000 0.000000 0.000000 0.000000 0.000000 0.000000 0.000000 0.000000 0.000000 0.000000 0.000000 0.000000 0.000000 0.000000 0.000000 0.000000 0.000000
0.000000 0.000000 0.000000 0.000000 0.000000 0.000000 0.000000 0.000000 0.000000 0.000000 0.000000 0.000000 0.000000 0.000000 0.000000 0.000000 0.000000 0.000000 0.000000 0.000000 0.000000 0.000000 0.000000 0.000000 0.000000 0.000000 0.000000 0.000000
