0.000000 0.000000 0.000000 0.000000 0.000000 0.000000 0.000000 0.000000 0.000000 0.000000 0.000000 0.000000 101.000000 117.000000 121.000000 109.000000 81.000000 0.000000 0.000000 0.000000 0.000000 0.000000 0.000000 0.000000 0.000000 0.000000 0.000000 0.000000
0.000000 0.000000 0.000000 0.000000 1.000000 0.000000 0.000000 1.000000 5.000000 0.000000 3.000000 255.000000 248.000000 246.000000 247.000000 245.000000 255.000000 183.000000 0.000000 0.000000 4.000000 0.000000 0.000000 0.000000 0.000000 0.000000 0.000000 0.000000
0.000000 0.000000 0.000000 0.000000 2.000000 0.000000 2.000000 0.000000 0.000000 0.000000 151.000000 248.000000 222.000000 217.000000 225.000000 231.000000 233.000000 231.000000 0.000000 0.000000 0.000000 3.000000 0.000000 0.000000 0.000000 0.000000 0.000000 0.000000
0.000000 0.000000 0.000000 0.000000 0.000000 5.000000 0.000000 0.000000 74.000000 190.000000 225.000000 229.000000 221.000000 189.000000 216.000000 228.000000 229.000000 230.000000 230.000000 114.000000 2.000000 0.000000 0.000000 0.000000 0.000000 0.000000 0.000000 0.000000
0.000000 0.000000 0.000000 0.000000 2.000000 0.000000 0.000000 167.000000 252.000000 241.000000 231.000000 229.000000 234.000000 214.000000 216.000000 236.000000 228.000000 230.000000 237.000000 246.000000 231.000000 84.000000 0.000000 4.000000 0.000000 0.000000 0.000000 0.000000
0.000000 0.000000 0.000000 0.000000 2.000000 0.000000 65.000000 247.000000 221.000000 227.000000 231.000000 229.000000 240.000000 246.000000 204.000000 223.000000 238.000000 230.000000 229.000000 227.000000 232.000000 242.000000 36.000000 0.000000 1.000000 0.000000 0.000000 0.000000
0.000000 0.000000 0.000000 0.000000 0.000000 0.000000 168.000000 244.000000 226.000000 229.000000 232.000000 233.000000 235.000000 235.000000 231.000000 224.000000 240.000000 229.000000 231.000000 231.000000 227.000000 240.000000 179.000000 0.000000 0.000000 0.000000 0.000000 0.000000
0.000000 0.000000 0.000000 0.000000 0.000000 1.000000 228.000000 234.000000 230.000000 229.000000 233.000000 237.000000 231.000000 228.000000 229.000000 235.000000 231.000000 231.000000 232.000000 232.000000 231.000000 226.000000 241.000000 45.000000 0.000000 0.000000 0.000000 0.000000
0.000000 0.000000 0.000000 0.000000 0.000000 88.000000 245.000000 232.000000 233.000000 232.000000 218.000000 228.000000 233.000000 234.000000 223.000000 232.000000 237.000000 229.000000 229.000000 230.000000 230.000000 227.000000 242.000000 160.000000 0.000000 0.000000 0.000000 0.000000
0.000000 0.000000 0.000000 0.000000 0.000000 146.000000 243.000000 236.000000 236.000000 231.000000 227.000000 233.000000 228.000000 232.000000 207.000000 223.000000 233.000000 233.000000 231.000000 232.000000 231.000000 231.000000 238.000000 220.000000 0.000000 0.000000 0.000000 0.000000
0.000000 0.000000 0.000000 0.000000 0.000000 196.000000 241.000000 237.000000 232.000000 229.000000 235.000000 227.000000 230.000000 231.000000 232.000000 230.000000 227.000000 227.000000 233.000000 227.000000 230.000000 232.000000 232.000000 211.000000 0.000000 0.000000 0.000000 0.000000
0.000000 0.000000 0.000000 0.000000 0.000000 230.000000 237.000000 238.000000 234.000000 229.000000 230.000000 230.000000 232.000000 228.000000 226.000000 231.000000 230.000000 230.000000 231.000000 230.000000 230.000000 235.000000 231.000000 222.000000 0.000000 0.000000 0.000000 0.000000
0.000000 0.000000 0.000000 0.000000 0.000000 253.000000 234.000000 239.000000 237.000000 234.000000 232.000000 231.000000 231.000000 232.000000 234.000000 233.000000 230.000000 233.000000 228.000000 233.000000 232.000000 235.000000 230.000000 255.000000 14.000000 0.000000 0.000000 0.000000
0.000000 0.000000 0.000000 0.000000 0.000000 255.000000 231.000000 240.000000 237.000000 236.000000 233.000000 230.000000 231.000000 234.000000 213.000000 224.000000 234.000000 230.000000 229.000000 233.000000 235.000000 236.000000 231.000000 255.000000 53.000000 0.000000 0.000000 0.000000
0.000000 0.000000 0.000000 0.000000 27.000000 255.000000 229.000000 241.000000 237.000000 236.000000 233.000000 230.000000 230.000000 235.000000 216.000000 228.000000 238.000000 232.000000 230.000000 233.000000 240.000000 234.000000 232.000000 255.000000 86.000000 0.000000 0.000000 0.000000
0.000000 0.000000 0.000000 0.000000 66.000000 255.000000 229.000000 243.000000 239.000000 237.000000 233.000000 230.000000 231.000000 232.000000 235.000000 232.000000 230.000000 233.000000 234.000000 232.000000 244.000000 234.000000 234.000000 255.000000 111.000000 0.000000 0.000000 0.000000
0.000000 0.000000 0.000000 0.000000 100.000000 255.000000 229.000000 239.000000 240.000000 237.000000 231.000000 232.000000 231.000000 232.000000 228.000000 231.000000 233.000000 234.000000 233.000000 229.000000 242.000000 233.000000 235.000000 255.000000 132.000000 0.000000 0.000000 0.000000
0.000000 0.000000 0.000000 0.000000 122.000000 255.000000 229.000000 237.000000 242.000000 236.000000 231.000000 232.000000 231.000000 233.000000 229.000000 232.000000 232.000000 232.000000 235.000000 226.000000 240.000000 237.000000 233.000000 254.000000 150.000000 0.000000 0.000000 0.000000
0.000000 0.000000 0.000000 0.000000 156.000000 255.000000 228.000000 235.000000 246.000000 236.000000 231.000000 232.000000 230.000000 235.000000 206.000000 226.000000 234.000000 233.000000 230.000000 232.000000 222.000000 242.000000 233.000000 251.000000 171.000000 0.000000 0.000000 0.000000
0.000000 0.000000 0.000000 0.000000 177.000000 251.000000 233.000000 236.000000 243.000000 237.000000 231.000000 233.000000 233.000000 233.000000 232.000000 234.000000 234.000000 231.000000 227.000000 242.000000 167.000000 242.000000 236.000000 245.000000 189.000000 0.000000 0.000000 0.000000
0.000000 0.000000 0.000000 0.000000 190.000000 245.000000 243.000000 212.000000 199.000000 253.000000 227.000000 234.000000 233.000000 233.000000 231.000000 234.000000 234.000000 233.000000 225.000000 253.000000 167.000000 225.000000 244.000000 242.000000 193.000000 0.000000 0.000000 0.000000
0.000000 0.000000 0.000000 0.000000 203.000000 236.000000 255.000000 164.000000 160.000000 255.000000 228.000000 233.000000 233.000000 234.000000 235.000000 235.000000 234.000000 232.000000 224.000000 255.000000 149.000000 187.000000 255.000000 235.000000 195.000000 0.000000 0.000000 0.000000
0.000000 0.000000 0.000000 0.000000 205.000000 232.000000 255.000000 99.000000 142.000000 255.000000 226.000000 233.000000 233.000000 233.000000 220.000000 231.000000 235.000000 232.000000 224.000000 255.000000 131.000000 130.000000 255.000000 233.000000 196.000000 0.000000 0.000000 0.000000
0.000000 0.000000 0.000000 0.000000 198.000000 235.000000 255.000000 20.000000 147.000000 255.000000 231.000000 235.000000 233.000000 235.000000 221.000000 236.000000 235.000000 233.000000 230.000000 255.000000 125.000000 63.000000 251.000000 232.000000 181.000000 0.000000 0.000000 0.000000
0.000000 0.000000 0.000000 0.000000 193.000000 235.000000 243.000000 0.000000 158.000000 253.000000 233.000000 236.000000 235.000000 235.000000 235.000000 235.000000 237.000000 234.000000 229.000000 255.000000 111.000000 56.000000 255.000000 234.000000 185.000000 0.000000 0.000000 0.000000
0.000000 0.000000 0.000000 0.000000 182.000000 247.000000 255.000000 0.000000 153.000000 247.000000 230.000000 235.000000 232.000000 231.000000 233.000000 232.000000 234.000000 232.000000 226.000000 246.000000 125.000000 70.000000 255.000000 227.000000 165.000000 0.000000 0.000000 0.000000
0.000000 0.000000 0.000000 0.000000 0.000000 20.000000 29.000000 0.000000 188.000000 247.000000 231.000000 237.000000 237.000000 238.000000 235.000000 234.000000 231.000000 235.000000 227.000000 247.000000 171.000000 0.000000 0.000000 0.000000 0.000000 0.000000 0.000000 0.000000
0.000000 0.000000 0.000000 0.000000 0.000000 0.000000 0.000000 0.000000 183.000000 239.000000 226.000000 226.000000 231.000000 232.000000 224.000000 227.000000 228.000000 230.000000 229.000000 234.000000 131.000000 0.000000 0.000000 0.000000 0.000000 0.000000 0.000000 0.000000
