0.000000 0.000000 0.000000 0.000000 0.000000 0.000000 0.000000 0.000000 0.000000 0.000000 74.000000 168.000000 126.000000 133.000000 114.000000 127.000000 129.000000 145.000000 119.000000 0.000000 0.000000 0.000000 0.000000 0.000000 0.000000 0.000000 0.000000 0.000000
0.000000 0.000000 0.000000 0.000000 0.000000 0.000000 0.000000 0.000000 0.000000 0.000000 203.000000 255.000000 255.000000 255.000000 255.000000 255.000000 255.000000 255.000000 255.000000 0.000000 0.000000 0.000000 0.000000 0.000000 0.000000 0.000000 0.000000 0.000000
0.000000 0.000000 0.000000 0.000000 0.000000 0.000000 0.000000 0.000000 0.000000 0.000000 243.000000 249.000000 240.000000 240.000000 237.000000 235.000000 232.000000 238.000000 255.000000 3.000000 0.000000 0.000000 0.000000 0.000000 0.000000 0.000000 0.000000 0.000000
0.000000 0.000000 0.000000 0.000000 0.000000 0.000000 0.000000 0.000000 0.000000 0.000000 255.000000 247.000000 244.000000 246.000000 245.000000 245.000000 247.000000 238.000000 255.000000 87.000000 0.000000 0.000000 0.000000 0.000000 0.000000 0.000000 0.000000 0.000000
0.000000 0.000000 0.000000 0.000000 0.000000 0.000000 0.000000 0.000000 0.000000 36.000000 255.000000 243.000000 246.000000 245.000000 244.000000 244.000000 245.000000 239.000000 255.000000 161.000000 0.000000 0.000000 0.000000 0.000000 0.000000 0.000000 0.000000 0.000000
0.000000 0.000000 0.000000 0.000000 0.000000 0.000000 0.000000 0.000000 0.000000 75.000000 255.000000 240.000000 246.000000 245.000000 242.000000 243.000000 245.000000 240.000000 255.000000 201.000000 0.000000 0.000000 0.000000 0.000000 0.000000 0.000000 0.000000 0.000000
0.000000 0.000000 0.000000 0.000000 0.000000 0.000000 0.000000 0.000000 0.000000 95.000000 255.000000 238.000000 244.000000 245.000000 254.000000 248.000000 246.000000 240.000000 255.000000 206.000000 0.000000 0.000000 0.000000 0.000000 0.000000 0.000000 0.000000 0.000000
0.000000 0.000000 0.000000 0.000000 0.000000 0.000000 0.000000 0.000000 0.000000 90.000000 255.000000 238.000000 241.000000 253.000000 219.000000 248.000000 248.000000 239.000000 255.000000 196.000000 0.000000 0.000000 0.000000 0.000000 0.000000 0.000000 0.000000 0.000000
0.000000 0.000000 0.000000 0.000000 0.000000 0.000000 0.000000 0.000000 0.000000 67.000000 255.000000 243.000000 238.000000 255.000000 146.000000 246.000000 253.000000 240.000000 255.000000 189.000000 0.000000 0.000000 0.000000 0.000000 0.000000 0.000000 0.000000 0.000000
0.000000 0.000000 0.000000 0.000000 0.000000 0.000000 0.000000 0.000000 0.000000 7.000000 255.000000 243.000000 239.000000 255.000000 83.000000 240.000000 255.000000 237.000000 255.000000 183.000000 0.000000 0.000000 0.000000 0.000000 0.000000 0.000000 0.000000 0.000000
0.000000 0.000000 0.000000 0.000000 0.000000 0.000000 0.000000 0.000000 0.000000 0.000000 255.000000 245.000000 239.000000 255.000000 3.000000 211.000000 255.000000 234.000000 255.000000 183.000000 0.000000 0.000000 0.000000 0.000000 0.000000 0.000000 0.000000 0.000000
0.000000 0.000000 0.000000 0.000000 0.000000 0.000000 0.000000 0.000000 0.000000 0.000000 255.000000 247.000000 239.000000 255.000000 0.000000 157.000000 255.000000 231.000000 255.000000 180.000000 0.000000 0.000000 0.000000 0.000000 0.000000 0.000000 0.000000 0.000000
0.000000 0.000000 0.000000 0.000000 0.000000 0.000000 0.000000 0.000000 0.000000 0.000000 246.000000 247.000000 240.000000 255.000000 0.000000 104.000000 255.000000 237.000000 255.000000 184.000000 0.000000 0.000000 0.000000 0.000000 0.000000 0.000000 0.000000 0.000000
0.000000 0.000000 0.000000 0.000000 0.000000 0.000000 0.000000 0.000000 0.000000 0.000000 236.000000 249.000000 240.000000 255.000000 0.000000 61.000000 255.000000 236.000000 255.000000 187.000000 0.000000 0.000000 0.000000 0.000000 0.000000 0.000000 0.000000 0.000000
0.000000 0.000000 0.000000 0.000000 0.000000 0.000000 0.000000 0.000000 0.000000 0.000000 213.000000 252.000000 243.000000 250.000000 0.000000 22.000000 255.000000 238.000000 255.000000 184.000000 0.000000 0.000000 0.000000 0.000000 0.000000 0.000000 0.000000 0.000000
0.000000 0.000000 0.000000 0.000000 0.000000 0.000000 0.000000 0.000000 0.000000 0.000000 199.000000 251.000000 243.000000 232.000000 0.000000 0.000000 255.000000 240.000000 255.000000 170.000000 0.000000 0.000000 0.000000 0.000000 0.000000 0.000000 0.000000 0.000000
0.000000 0.000000 0.000000 0.000000 0.000000 0.000000 0.000000 0.000000 0.000000 0.000000 192.000000 250.000000 246.000000 232.000000 0.000000 0.000000 255.000000 243.000000 255.000000 150.000000 0.000000 0.000000 0.000000 0.000000 0.000000 0.000000 0.000000 0.000000
0.000000 0.000000 0.000000 0.000000 0.000000 0.000000 0.000000 0.000000 0.000000 0.000000 194.000000 249.000000 250.000000 196.000000 0.000000 0.000000 216.000000 250.000000 246.000000 151.000000 0.000000 0.000000 0.000000 0.000000 0.000000 0.000000 0.000000 0.000000
0.000000 0.000000 0.000000 0.000000 0.000000 0.000000 0.000000 0.000000 0.000000 0.000000 201.000000 248.000000 252.000000 168.000000 0.000000 0.000000 177.000000 253.000000 249.000000 162.000000 0.000000 0.000000 0.000000 0.000000 0.000000 0.000000 0.000000 0.000000
0.000000 0.000000 0.000000 0.000000 0.000000 0.000000 0.000000 0.000000 0.000000 0.000000 195.000000 249.000000 250.000000 112.000000 0.000000 0.000000 158.000000 255.000000 251.000000 137.000000 0.000000 0.000000 0.000000 0.000000 0.000000 0.000000 0.000000 0.000000
0.000000 0.000000 0.000000 0.000000 0.000000 0.000000 0.000000 0.000000 0.000000 0.000000 159.000000 252.000000 251.000000 107.000000 0.000000 0.000000 143.000000 255.000000 251.000000 105.000000 0.000000 0.000000 0.000000 0.000000 0.000000 0.000000 0.000000 0.000000
0.000000 0.000000 0.000000 0.000000 0.000000 0.000000 0.000000 0.000000 0.000000 0.000000 120.000000 255.000000 251.000000 89.000000 0.000000 0.000000 117.000000 255.000000 247.000000 78.000000 0.000000 0.000000 0.000000 0.000000 0.000000 0.000000 0.000000 0.000000
0.000000 0.000000 0.000000 0.000000 0.000000 0.000000 0.000000 0.000000 0.000000 0.000000 78.000000 255.000000 251.000000 48.000000 0.000000 0.000000 91.000000 255.000000 247.000000 38.000000 0.000000 0.000000 0.000000 0.000000 0.000000 0.000000 0.000000 0.000000
0.000000 0.000000 0.000000 0.000000 0.000000 0.000000 0.000000 0.000000 0.000000 0.000000 40.000000 246.000000 252.000000 47.000000 0.000000 0.000000 80.000000 255.000000 242.000000 8.000000 0.000000 0.000000 0.000000 0.000000 0.000000 0.000000 0.000000 0.000000
0.000000 0.000000 0.000000 0.000000 0.000000 0.000000 0.000000 0.000000 0.000000 0.000000 7.000000 239.000000 254.000000 46.000000 0.000000 0.000000 76.000000 255.000000 236.000000 2.000000 0.000000 0.000000 0.000000 0.000000 0.000000 0.000000 0.000000 0.000000
0.000000 0.000000 0.000000 0.000000 0.000000 0.000000 0.000000 0.000000 0.000000 0.000000 0.000000 235.000000 255.000000 42.000000 0.000000 0.000000 70.000000 255.000000 222.000000 0.000000 0.000000 0.000000 0.000000 0.000000 0.000000 0.000000 0.000000 0.000000
0.000000 0.000000 0.000000 0.000000 0.000000 0.000000 0.000000 0.000000 0.000000 0.000000 0.000000 226.000000 255.000000 48.000000 0.000000 0.000000 79.000000 255.000000 211.000000 0.000000 0.000000 0.000000 0.000000 0.000000 0.000000 0.000000 0.000000 0.000000
0.000000 0.000000 0.000000 0.000000 0.000000 0.000000 0.000000 0.000000 0.000000 0.000000 0.000000 198.000000 254.000000 43.000000 0.000000 0.000000 56.000000 255.000000 193.000000 0.000000 0.000000 0.000000 0.000000 0.000000 0.000000 0.000000 0.000000 0.000000
