0.000000 0.000000 0.000000 0.000000 0.000000 0.000000 0.000000 0.000000 0.000000 0.000000 0.000000 0.000000 0.000000 0.000000 0.000000 0.000000 0.000000 0.000000 0.000000 0.000000 0.000000 0.000000 0.000000 0.000000 0.000000 0.000000 0.000000 0.000000
0.000000 0.000000 0.000000 0.000000 0.000000 0.000000 0.000000 0.000000 0.000000 0.000000 0.000000 0.000000 0.000000 0.000000 0.000000 0.000000 0.000000 0.000000 0.000000 0.000000 0.000000 0.000000 0.000000 0.000000 0.000000 0.000000 0.000000 0.000000
0.000000 0.000000 0.000000 0.000000 0.000000 0.000000 0.000000 0.000000 0.000000 0.000000 0.000000 0.000000 0.000000 0.000000 0.000000 0.000000 0.000000 0.000000 0.000000 0.000000 0.000000 0.000000 0.000000 0.000000 0.000000 0.000000 0.000000 0.000000
0.000000 0.000000 0.000000 0.000000 0.000000 0.000000 0.000000 0.000000 0.000000 0.000000 0.000000 0.000000 0.000000 0.000000 0.000000 0.000000 0.000000 0.000000 0.000000 0.000000 0.000000 0.000000 0.000000 0.000000 0.000000 0.000000 0.000000 0.000000
0.000000 0.000000 0.000000 0.000000 0.000000 0.000000 0.000000 0.000000 0.000000 0.000000 0.000000 0.000000 0.000000 0.000000 0.000000 0.000000 0.000000 0.000000 0.000000 0.000000 0.000000 0.000000 0.000000 0.000000 0.000000 0.000000 0.000000 0.000000
0.000000 0.000000 0.000000 0.000000 0.000000 0.000000 0.000000 0.000000 0.000000 0.000000 0.000000 0.000000 0.000000 0.000000 0.000000 0.000000 0.000000 0.000000 0.000000 0.000000 0.000000 0.000000 0.000000 0.000000 0.000000 0.000000 0.000000 0.000000
0.000000 0.000000 0.000000 0.000000 0.000000 0.000000 0.000000 0.000000 0.000000 0.000000 0.000000 0.000000 2.000000 0.000000 0.000000 0.000000 0.000000 0.000000 37.000000 107.000000 80.000000 0.000000 0.000000 0.000000 0.000000 0.000000 0.000000 0.000000
0.000000 0.000000 0.000000 0.000000 0.000000 0.000000 0.000000 0.000000 0.000000 0.000000 0.000000 0.000000 0.000000 2.000000 0.000000 0.000000 0.000000 32.000000 100.000000 45.000000 112.000000 162.000000 35.000000 0.000000 0.000000 2.000000 0.000000 0.000000
0.000000 0.000000 0.000000 0.000000 0.000000 0.000000 0.000000 0.000000 0.000000 0.000000 0.000000 0.000000 0.000000 2.000000 0.000000 0.000000 0.000000 77.000000 87.000000 55.000000 60.000000 77.000000 172.000000 95.000000 5.000000 0.000000 0.000000 0.000000
0.000000 0.000000 0.000000 0.000000 0.000000 0.000000 0.000000 0.000000 0.000000 0.000000 0.000000 0.000000 0.000000 0.000000 0.000000 0.000000 70.000000 142.000000 77.000000 82.000000 97.000000 75.000000 60.000000 135.000000 162.000000 90.000000 0.000000 0.000000
0.000000 0.000000 0.000000 0.000000 0.000000 0.000000 0.000000 0.000000 0.000000 0.000000 0.000000 0.000000 0.000000 0.000000 0.000000 0.000000 157.000000 125.000000 35.000000 67.000000 80.000000 95.000000 107.000000 75.000000 92.000000 200.000000 0.000000 0.000000
0.000000 0.000000 0.000000 0.000000 0.000000 0.000000 0.000000 0.000000 0.000000 0.000000 0.000000 2.000000 0.000000 0.000000 0.000000 92.000000 255.000000 157.000000 115.000000 100.000000 102.000000 92.000000 100.000000 92.000000 82.000000 127.000000 30.000000 0.000000
0.000000 0.000000 0.000000 0.000000 0.000000 0.000000 0.000000 0.000000 0.000000 0.000000 0.000000 0.000000 2.000000 12.000000 55.000000 72.000000 117.000000 127.000000 82.000000 92.000000 115.000000 120.000000 125.000000 105.000000 155.000000 120.000000 27.000000 0.000000
0.000000 0.000000 0.000000 0.000000 0.000000 0.000000 0.000000 0.000000 0.000000 0.000000 0.000000 25.000000 52.000000 62.000000 70.000000 65.000000 70.000000 70.000000 62.000000 72.000000 85.000000 95.000000 85.000000 90.000000 130.000000 135.000000 85.000000 0.000000
0.000000 0.000000 0.000000 0.000000 0.000000 0.000000 0.000000 0.000000 0.000000 0.000000 47.000000 65.000000 52.000000 77.000000 80.000000 75.000000 65.000000 65.000000 92.000000 102.000000 97.000000 107.000000 112.000000 107.000000 87.000000 82.000000 120.000000 0.000000
0.000000 0.000000 0.000000 0.000000 0.000000 0.000000 0.000000 7.000000 52.000000 45.000000 65.000000 90.000000 55.000000 57.000000 40.000000 47.000000 75.000000 77.000000 72.000000 97.000000 112.000000 92.000000 85.000000 85.000000 67.000000 60.000000 95.000000 7.000000
0.000000 0.000000 0.000000 0.000000 0.000000 7.000000 15.000000 32.000000 65.000000 57.000000 37.000000 60.000000 42.000000 37.000000 45.000000 42.000000 52.000000 80.000000 97.000000 92.000000 82.000000 77.000000 70.000000 75.000000 82.000000 85.000000 107.000000 27.000000
0.000000 0.000000 0.000000 27.000000 27.000000 30.000000 50.000000 52.000000 47.000000 50.000000 27.000000 45.000000 57.000000 70.000000 80.000000 95.000000 102.000000 97.000000 115.000000 107.000000 75.000000 90.000000 102.000000 100.000000 95.000000 92.000000 115.000000 27.000000
0.000000 35.000000 62.000000 50.000000 45.000000 37.000000 52.000000 57.000000 55.000000 45.000000 47.000000 52.000000 95.000000 105.000000 110.000000 115.000000 110.000000 92.000000 97.000000 115.000000 100.000000 95.000000 90.000000 82.000000 77.000000 72.000000 87.000000 22.000000
0.000000 22.000000 35.000000 40.000000 35.000000 40.000000 42.000000 42.000000 45.000000 55.000000 70.000000 62.000000 70.000000 87.000000 75.000000 60.000000 57.000000 50.000000 45.000000 52.000000 47.000000 45.000000 52.000000 55.000000 52.000000 55.000000 62.000000 10.000000
85.000000 105.000000 12.000000 10.000000 2.000000 2.000000 0.000000 0.000000 0.000000 0.000000 0.000000 0.000000 0.000000 2.000000 5.000000 7.000000 10.000000 15.000000 12.000000 10.000000 12.000000 10.000000 5.000000 2.000000 5.000000 2.000000 22.000000 12.000000
107.000000 200.000000 177.000000 165.000000 207.000000 207.000000 212.000000 212.000000 210.000000 197.000000 182.000000 162.000000 150.000000 122.000000 115.000000 110.000000 102.000000 97.000000 97.000000 107.000000 120.000000 125.000000 140.000000 157.000000 177.000000 180.000000 237.000000 97.000000
0.000000 0.000000 35.000000 50.000000 70.000000 87.000000 97.000000 125.000000 137.000000 145.000000 152.000000 165.000000 172.000000 177.000000 180.000000 182.000000 182.000000 185.000000 185.000000 182.000000 182.000000 180.000000 167.000000 155.000000 142.000000 135.000000 100.000000 0.000000
0.000000 0.000000 0.000000 0.000000 0.000000 0.000000 0.000000 0.000000 0.000000 0.000000 0.000000 0.000000 0.000000 0.000000 0.000000 0.000000 0.000000 0.000000 0.000000 0.000000 0.000000 0.000000 0.000000 0.000000 0.000000 0.000000 0.000000 0.000000
0.000000 0.000000 0.000000 0.000000 0.000000 0.000000 0.000000 0.000000 0.000000 0.000000 0.000000 0.000000 0.000000 0.000000 0.000000 0.000000 0.000000 0.000000 0.000000 0.000000 0.000000 0.000000 0.000000 0.000000 0.000000 0.000000 0.000000 0.000000
0.000000 0.000000 0.000000 0.000000 0.000000 0.000000 0.000000 0.000000 0.000000 0.000000 0.000000 0.000000 0.000000 0.000000 0.000000 0.000000 0.000000 0.000000 0.000000 0.000000 0.000000 0.000000 0.000000 0.000000 0.000000 0.000000 0.000000 0.000000
0.000000 0.000000 0.000000 0.000000 0.000000 0.000000 0.000000 0.000000 0.000000 0.000000 0.000000 0.000000 0.000000 0.000000 0.000000 0.000000 0.000000 0.000000 0.000000 0.000000 0.000000 0.000000 0.000000 0.000000 0.000000 0.000000 0.000000 0.000000
0.000000 0.000000 0.000000 0.000000 0.000000 0.000000 0.000000 0.000000 0.000000 0.000000 0.000000 0.000000 0.000000 0.000000 0.000000 0.000000 0.000000 0.000000 0.000000 0.000000 0.000000 0.000000 0.000000 0.000000 0.000000 0.000000 0.000000 0.000000
