0.000000 0.000000 0.000000 0.000000 0.000000 0.000000 0.000000 0.000000 0.000000 0.000000 143.000000 156.000000 175.000000 207.000000 189.000000 161.000000 172.000000 170.000000 0.000000 0.000000 0.000000 0.000000 0.000000 0.000000 0.000000 0.000000 0.000000 0.000000
0.000000 0.000000 0.000000 0.000000 0.000000 0.000000 0.000000 0.000000 0.000000 15.000000 170.000000 156.000000 160.000000 172.000000 197.000000 177.000000 185.000000 241.000000 11.000000 0.000000 0.000000 0.000000 0.000000 0.000000 0.000000 0.000000 0.000000 0.000000
0.000000 0.000000 0.000000 0.000000 0.000000 0.000000 0.000000 0.000000 0.000000 45.000000 193.000000 160.000000 153.000000 155.000000 170.000000 175.000000 184.000000 219.000000 51.000000 0.000000 0.000000 0.000000 0.000000 0.000000 0.000000 0.000000 0.000000 0.000000
0.000000 0.000000 0.000000 0.000000 0.000000 0.000000 0.000000 0.000000 0.000000 64.000000 183.000000 141.000000 152.000000 162.000000 156.000000 173.000000 170.000000 222.000000 110.000000 0.000000 0.000000 0.000000 0.000000 0.000000 0.000000 0.000000 0.000000 0.000000
0.000000 0.000000 0.000000 0.000000 0.000000 0.000000 0.000000 0.000000 0.000000 65.000000 170.000000 143.000000 160.000000 160.000000 159.000000 174.000000 172.000000 201.000000 118.000000 0.000000 0.000000 0.000000 0.000000 0.000000 0.000000 0.000000 0.000000 0.000000
0.000000 0.000000 0.000000 0.000000 0.000000 0.000000 0.000000 0.000000 0.000000 80.000000 171.000000 148.000000 167.000000 158.000000 189.000000 181.000000 167.000000 198.000000 129.000000 0.000000 0.000000 0.000000 0.000000 0.000000 0.000000 0.000000 0.000000 0.000000
0.000000 0.000000 0.000000 0.000000 0.000000 0.000000 0.000000 0.000000 0.000000 88.000000 166.000000 148.000000 173.000000 208.000000 233.000000 165.000000 156.000000 203.000000 129.000000 0.000000 0.000000 0.000000 0.000000 0.000000 0.000000 0.000000 0.000000 0.000000
0.000000 0.000000 0.000000 0.000000 0.000000 0.000000 0.000000 0.000000 0.000000 85.000000 168.000000 155.000000 213.000000 161.000000 161.000000 173.000000 159.000000 203.000000 126.000000 0.000000 0.000000 0.000000 0.000000 0.000000 0.000000 0.000000 0.000000 0.000000
0.000000 0.000000 0.000000 0.000000 0.000000 0.000000 0.000000 0.000000 0.000000 82.000000 181.000000 172.000000 245.000000 99.000000 101.000000 203.000000 155.000000 207.000000 128.000000 0.000000 0.000000 0.000000 0.000000 0.000000 0.000000 0.000000 0.000000 0.000000
0.000000 0.000000 0.000000 0.000000 0.000000 0.000000 0.000000 0.000000 0.000000 80.000000 181.000000 167.000000 241.000000 88.000000 41.000000 215.000000 152.000000 210.000000 114.000000 0.000000 0.000000 0.000000 0.000000 0.000000 0.000000 0.000000 0.000000 0.000000
0.000000 0.000000 0.000000 0.000000 0.000000 0.000000 0.000000 0.000000 0.000000 74.000000 181.000000 162.000000 251.000000 61.000000 0.000000 217.000000 165.000000 213.000000 104.000000 0.000000 0.000000 0.000000 0.000000 0.000000 0.000000 0.000000 0.000000 0.000000
0.000000 0.000000 0.000000 0.000000 0.000000 0.000000 0.000000 0.000000 0.000000 75.000000 190.000000 166.000000 252.000000 16.000000 0.000000 208.000000 168.000000 214.000000 94.000000 0.000000 0.000000 0.000000 0.000000 0.000000 0.000000 0.000000 0.000000 0.000000
0.000000 0.000000 0.000000 0.000000 0.000000 0.000000 0.000000 0.000000 0.000000 71.000000 189.000000 168.000000 255.000000 0.000000 0.000000 193.000000 171.000000 191.000000 92.000000 0.000000 0.000000 0.000000 0.000000 0.000000 0.000000 0.000000 0.000000 0.000000
0.000000 0.000000 0.000000 0.000000 0.000000 0.000000 0.000000 0.000000 0.000000 75.000000 183.000000 168.000000 247.000000 0.000000 0.000000 187.000000 175.000000 191.000000 93.000000 0.000000 0.000000 0.000000 0.000000 0.000000 0.000000 0.000000 0.000000 0.000000
0.000000 0.000000 0.000000 0.000000 0.000000 0.000000 0.000000 0.000000 0.000000 82.000000 191.000000 180.000000 241.000000 0.000000 0.000000 183.000000 174.000000 191.000000 92.000000 0.000000 0.000000 0.000000 0.000000 0.000000 0.000000 0.000000 0.000000 0.000000
0.000000 0.000000 0.000000 0.000000 0.000000 0.000000 0.000000 0.000000 0.000000 80.000000 175.000000 184.000000 226.000000 0.000000 0.000000 170.000000 175.000000 191.000000 94.000000 0.000000 0.000000 0.000000 0.000000 0.000000 0.000000 0.000000 0.000000 0.000000
0.000000 0.000000 0.000000 0.000000 0.000000 0.000000 0.000000 0.000000 0.000000 81.000000 173.000000 189.000000 201.000000 0.000000 0.000000 146.000000 177.000000 191.000000 93.000000 0.000000 0.000000 0.000000 0.000000 0.000000 0.000000 0.000000 0.000000 0.000000
0.000000 0.000000 0.000000 0.000000 0.000000 0.000000 0.000000 0.000000 0.000000 88.000000 174.000000 196.000000 177.000000 0.000000 0.000000 130.000000 183.000000 192.000000 94.000000 0.000000 0.000000 0.000000 0.000000 0.000000 0.000000 0.000000 0.000000 0.000000
0.000000 0.000000 0.000000 0.000000 0.000000 0.000000 0.000000 0.000000 0.000000 93.000000 172.000000 195.000000 159.000000 0.000000 0.000000 125.000000 187.000000 195.000000 93.000000 0.000000 0.000000 0.000000 0.000000 0.000000 0.000000 0.000000 0.000000 0.000000
0.000000 0.000000 0.000000 0.000000 0.000000 0.000000 0.000000 0.000000 0.000000 93.000000 172.000000 193.000000 150.000000 0.000000 0.000000 123.000000 187.000000 195.000000 89.000000 0.000000 0.000000 0.000000 0.000000 0.000000 0.000000 0.000000 0.000000 0.000000
0.000000 0.000000 0.000000 0.000000 0.000000 0.000000 0.000000 0.000000 0.000000 92.000000 172.000000 195.000000 158.000000 0.000000 0.000000 123.000000 189.000000 195.000000 93.000000 0.000000 0.000000 0.000000 0.000000 0.000000 0.000000 0.000000 0.000000 0.000000
0.000000 0.000000 0.000000 0.000000 0.000000 0.000000 0.000000 0.000000 0.000000 94.000000 171.000000 197.000000 147.000000 0.000000 0.000000 122.000000 190.000000 195.000000 87.000000 0.000000 0.000000 0.000000 0.000000 0.000000 0.000000 0.000000 0.000000 0.000000
0.000000 0.000000 0.000000 0.000000 0.000000 0.000000 0.000000 0.000000 0.000000 102.000000 174.000000 199.000000 138.000000 0.000000 0.000000 112.000000 189.000000 195.000000 74.000000 0.000000 0.000000 0.000000 0.000000 0.000000 0.000000 0.000000 0.000000 0.000000
0.000000 0.000000 0.000000 0.000000 0.000000 0.000000 0.000000 0.000000 0.000000 99.000000 177.000000 204.000000 122.000000 0.000000 0.000000 105.000000 185.000000 195.000000 75.000000 0.000000 0.000000 0.000000 0.000000 0.000000 0.000000 0.000000 0.000000 0.000000
0.000000 0.000000 0.000000 0.000000 0.000000 0.000000 0.000000 0.000000 0.000000 98.000000 180.000000 203.000000 100.000000 0.000000 0.000000 108.000000 187.000000 191.000000 70.000000 0.000000 0.000000 0.000000 0.000000 0.000000 0.000000 0.000000 0.000000 0.000000
0.000000 0.000000 0.000000 0.000000 0.000000 0.000000 0.000000 0.000000 0.000000 87.000000 185.000000 204.000000 74.000000 0.000000 0.000000 99.000000 192.000000 199.000000 56.000000 0.000000 0.000000 0.000000 0.000000 0.000000 0.000000 0.000000 0.000000 0.000000
0.000000 0.000000 0.000000 0.000000 0.000000 0.000000 0.000000 0.000000 0.000000 89.000000 196.000000 201.000000 61.000000 0.000000 0.000000 92.000000 202.000000 208.000000 65.000000 0.000000 0.000000 0.000000 0.000000 0.000000 0.000000 0.000000 0.000000 0.000000
0.000000 0.000000 0.000000 0.000000 0.000000 0.000000 0.000000 0.000000 0.000000 59.000000 158.000000 175.000000 26.000000 0.000000 0.000000 34.000000 150.000000 174.000000 29.000000 0.000000 0.000000 0.000000 0.000000 0.000000 0.000000 0.000000 0.000000 0.000000
