0.000000 0.000000 0.000000 0.000000 0.000000 0.000000 0.000000 3.000000 0.000000 24.000000 74.000000 0.000000 0.000000 0.000000 0.000000 3.000000 0.000000 3.000000 80.000000 27.000000 0.000000 0.000000 0.000000 0.000000 0.000000 0.000000 0.000000 0.000000
0.000000 0.000000 0.000000 0.000000 0.000000 0.000000 0.000000 3.000000 0.000000 12.000000 71.000000 43.000000 0.000000 0.000000 0.000000 0.000000 0.000000 46.000000 62.000000 18.000000 0.000000 0.000000 0.000000 0.000000 0.000000 0.000000 0.000000 0.000000
0.000000 0.000000 0.000000 0.000000 0.000000 0.000000 0.000000 0.000000 0.000000 3.000000 59.000000 52.000000 27.000000 0.000000 0.000000 0.000000 31.000000 52.000000 55.000000 0.000000 0.000000 0.000000 0.000000 0.000000 0.000000 0.000000 0.000000 0.000000
0.000000 0.000000 0.000000 0.000000 0.000000 0.000000 0.000000 0.000000 0.000000 0.000000 59.000000 40.000000 62.000000 37.000000 3.000000 24.000000 49.000000 34.000000 55.000000 0.000000 0.000000 0.000000 0.000000 0.000000 0.000000 0.000000 0.000000 0.000000
0.000000 0.000000 0.000000 0.000000 0.000000 0.000000 0.000000 3.000000 0.000000 6.000000 68.000000 34.000000 27.000000 59.000000 59.000000 49.000000 31.000000 24.000000 83.000000 12.000000 0.000000 0.000000 0.000000 0.000000 0.000000 0.000000 0.000000 0.000000
0.000000 0.000000 0.000000 0.000000 0.000000 0.000000 0.000000 0.000000 0.000000 21.000000 87.000000 34.000000 37.000000 40.000000 52.000000 37.000000 27.000000 18.000000 87.000000 6.000000 0.000000 0.000000 0.000000 0.000000 0.000000 0.000000 0.000000 0.000000
0.000000 0.000000 0.000000 0.000000 0.000000 0.000000 0.000000 0.000000 0.000000 18.000000 99.000000 55.000000 55.000000 46.000000 55.000000 52.000000 49.000000 52.000000 93.000000 0.000000 0.000000 0.000000 0.000000 0.000000 0.000000 0.000000 0.000000 0.000000
0.000000 0.000000 0.000000 0.000000 0.000000 0.000000 0.000000 0.000000 0.000000 0.000000 111.000000 80.000000 59.000000 46.000000 55.000000 55.000000 52.000000 77.000000 80.000000 0.000000 0.000000 0.000000 0.000000 0.000000 0.000000 0.000000 0.000000 0.000000
0.000000 0.000000 0.000000 0.000000 0.000000 0.000000 0.000000 0.000000 0.000000 0.000000 96.000000 80.000000 62.000000 49.000000 46.000000 52.000000 49.000000 62.000000 65.000000 0.000000 0.000000 0.000000 0.000000 0.000000 0.000000 0.000000 0.000000 0.000000
0.000000 0.000000 0.000000 0.000000 0.000000 0.000000 0.000000 0.000000 0.000000 0.000000 83.000000 74.000000 55.000000 46.000000 46.000000 49.000000 43.000000 68.000000 62.000000 0.000000 0.000000 0.000000 0.000000 0.000000 0.000000 0.000000 0.000000 0.000000
0.000000 0.000000 0.000000 0.000000 0.000000 0.000000 0.000000 0.000000 0.000000 0.000000 65.000000 65.000000 55.000000 40.000000 46.000000 49.000000 46.000000 74.000000 55.000000 0.000000 0.000000 0.000000 0.000000 0.000000 0.000000 0.000000 0.000000 0.000000
0.000000 0.000000 0.000000 0.000000 0.000000 0.000000 0.000000 0.000000 0.000000 0.000000 62.000000 62.000000 68.000000 46.000000 46.000000 46.000000 46.000000 62.000000 40.000000 0.000000 0.000000 0.000000 0.000000 0.000000 0.000000 0.000000 0.000000 0.000000
0.000000 0.000000 0.000000 0.000000 0.000000 0.000000 0.000000 0.000000 0.000000 3.000000 71.000000 71.000000 59.000000 46.000000 43.000000 68.000000 52.000000 43.000000 52.000000 0.000000 0.000000 0.000000 0.000000 0.000000 0.000000 0.000000 0.000000 0.000000
0.000000 0.000000 0.000000 0.000000 0.000000 0.000000 0.000000 0.000000 0.000000 55.000000 62.000000 83.000000 65.000000 59.000000 52.000000 87.000000 65.000000 37.000000 62.000000 24.000000 0.000000 0.000000 0.000000 0.000000 0.000000 0.000000 0.000000 0.000000
0.000000 0.000000 0.000000 0.000000 0.000000 0.000000 0.000000 0.000000 0.000000 80.000000 31.000000 121.000000 55.000000 65.000000 37.000000 127.000000 80.000000 40.000000 55.000000 59.000000 0.000000 0.000000 0.000000 0.000000 0.000000 0.000000 0.000000 0.000000
0.000000 0.000000 0.000000 0.000000 0.000000 0.000000 0.000000 0.000000 15.000000 77.000000 46.000000 155.000000 49.000000 55.000000 34.000000 158.000000 80.000000 43.000000 59.000000 74.000000 0.000000 0.000000 0.000000 0.000000 0.000000 0.000000 0.000000 0.000000
0.000000 0.000000 0.000000 0.000000 0.000000 0.000000 0.000000 0.000000 31.000000 71.000000 49.000000 164.000000 37.000000 65.000000 27.000000 167.000000 83.000000 43.000000 55.000000 83.000000 12.000000 0.000000 0.000000 0.000000 0.000000 0.000000 0.000000 0.000000
0.000000 0.000000 0.000000 0.000000 0.000000 0.000000 0.000000 0.000000 68.000000 68.000000 62.000000 177.000000 27.000000 68.000000 31.000000 177.000000 80.000000 40.000000 68.000000 80.000000 40.000000 0.000000 0.000000 0.000000 0.000000 0.000000 0.000000 0.000000
0.000000 0.000000 0.000000 0.000000 0.000000 0.000000 0.000000 0.000000 87.000000 55.000000 77.000000 180.000000 37.000000 71.000000 31.000000 195.000000 90.000000 40.000000 71.000000 80.000000 59.000000 0.000000 0.000000 0.000000 0.000000 0.000000 0.000000 0.000000
0.000000 0.000000 0.000000 0.000000 0.000000 0.000000 0.000000 0.000000 105.000000 55.000000 80.000000 186.000000 34.000000 71.000000 31.000000 208.000000 96.000000 31.000000 59.000000 87.000000 71.000000 0.000000 0.000000 0.000000 0.000000 0.000000 0.000000 0.000000
0.000000 0.000000 0.000000 0.000000 0.000000 0.000000 0.000000 0.000000 127.000000 46.000000 83.000000 192.000000 27.000000 74.000000 31.000000 230.000000 90.000000 18.000000 59.000000 83.000000 80.000000 0.000000 0.000000 0.000000 0.000000 0.000000 0.000000 0.000000
0.000000 0.000000 0.000000 0.000000 0.000000 0.000000 0.000000 9.000000 127.000000 37.000000 96.000000 189.000000 27.000000 83.000000 27.000000 230.000000 108.000000 15.000000 62.000000 83.000000 90.000000 0.000000 0.000000 0.000000 0.000000 0.000000 0.000000 0.000000
0.000000 0.000000 0.000000 0.000000 0.000000 0.000000 0.000000 27.000000 133.000000 27.000000 105.000000 199.000000 34.000000 74.000000 31.000000 195.000000 115.000000 15.000000 71.000000 87.000000 99.000000 9.000000 0.000000 0.000000 0.000000 0.000000 0.000000 0.000000
0.000000 0.000000 0.000000 0.000000 0.000000 0.000000 0.000000 46.000000 130.000000 21.000000 118.000000 183.000000 34.000000 74.000000 24.000000 208.000000 118.000000 15.000000 65.000000 96.000000 96.000000 18.000000 0.000000 0.000000 0.000000 0.000000 0.000000 0.000000
0.000000 0.000000 0.000000 0.000000 0.000000 0.000000 0.000000 65.000000 127.000000 21.000000 121.000000 171.000000 34.000000 74.000000 24.000000 214.000000 124.000000 18.000000 59.000000 105.000000 93.000000 40.000000 0.000000 0.000000 0.000000 0.000000 0.000000 0.000000
0.000000 0.000000 0.000000 0.000000 0.000000 0.000000 0.000000 65.000000 121.000000 12.000000 130.000000 161.000000 40.000000 74.000000 27.000000 217.000000 118.000000 12.000000 55.000000 124.000000 102.000000 46.000000 0.000000 0.000000 0.000000 0.000000 0.000000 0.000000
0.000000 0.000000 0.000000 0.000000 0.000000 0.000000 0.000000 102.000000 183.000000 27.000000 164.000000 174.000000 40.000000 90.000000 24.000000 255.000000 177.000000 21.000000 80.000000 139.000000 118.000000 52.000000 0.000000 0.000000 0.000000 0.000000 0.000000 0.000000
0.000000 0.000000 0.000000 0.000000 0.000000 0.000000 0.000000 34.000000 83.000000 15.000000 127.000000 105.000000 40.000000 83.000000 43.000000 136.000000 68.000000 15.000000 24.000000 55.000000 68.000000 40.000000 0.000000 0.000000 0.000000 0.000000 0.000000 0.000000
