0.000000 0.000000 0.000000 0.000000 0.000000 0.000000 0.000000 0.000000 0.000000 0.000000 0.000000 0.000000 0.000000 0.000000 0.000000 0.000000 0.000000 0.000000 0.000000 0.000000 0.000000 0.000000 0.000000 0.000000 0.000000 0.000000 0.000000 0.000000
0.000000 0.000000 0.000000 0.000000 0.000000 0.000000 0.000000 0.000000 0.000000 0.000000 0.000000 0.000000 0.000000 0.000000 0.000000 0.000000 0.000000 0.000000 0.000000 0.000000 0.000000 0.000000 0.000000 0.000000 0.000000 0.000000 0.000000 0.000000
0.000000 0.000000 0.000000 0.000000 0.000000 0.000000 0.000000 0.000000 0.000000 0.000000 0.000000 0.000000 0.000000 0.000000 0.000000 0.000000 0.000000 0.000000 0.000000 0.000000 0.000000 0.000000 0.000000 0.000000 0.000000 0.000000 0.000000 0.000000
0.000000 0.000000 0.000000 0.000000 0.000000 0.000000 0.000000 0.000000 0.000000 0.000000 0.000000 0.000000 0.000000 0.000000 0.000000 0.000000 0.000000 0.000000 0.000000 0.000000 0.000000 0.000000 0.000000 0.000000 0.000000 0.000000 0.000000 0.000000
0.000000 0.000000 0.000000 0.000000 0.000000 0.000000 0.000000 0.000000 0.000000 0.000000 0.000000 0.000000 0.000000 0.000000 0.000000 0.000000 0.000000 0.000000 0.000000 0.000000 0.000000 0.000000 0.000000 0.000000 0.000000 0.000000 0.000000 0.000000
0.000000 0.000000 0.000000 0.000000 0.000000 0.000000 0.000000 0.000000 0.000000 0.000000 0.000000 0.000000 0.000000 0.000000 0.000000 0.000000 0.000000 0.000000 0.000000 0.000000 0.000000 0.000000 0.000000 0.000000 0.000000 0.000000 0.000000 0.000000
0.000000 0.000000 0.000000 0.000000 0.000000 0.000000 0.000000 0.000000 0.000000 0.000000 0.000000 0.000000 0.000000 0.000000 0.000000 0.000000 0.000000 0.000000 0.000000 0.000000 0.000000 0.000000 0.000000 0.000000 0.000000 0.000000 0.000000 0.000000
0.000000 0.000000 0.000000 0.000000 0.000000 0.000000 0.000000 0.000000 0.000000 0.000000 0.000000 0.000000 0.000000 0.000000 0.000000 0.000000 0.000000 0.000000 0.000000 0.000000 0.000000 0.000000 0.000000 0.000000 0.000000 0.000000 0.000000 0.000000
0.000000 0.000000 0.000000 0.000000 0.000000 0.000000 0.000000 0.000000 0.000000 0.000000 1.000000 2.000000 0.000000 0.000000 0.000000 0.000000 0.000000 62.000000 0.000000 0.000000 0.000000 0.000000 0.000000 0.000000 0.000000 0.000000 11.000000 0.000000
0.000000 0.000000 0.000000 0.000000 0.000000 0.000000 0.000000 0.000000 0.000000 0.000000 0.000000 0.000000 0.000000 0.000000 146.000000 176.000000 115.000000 182.000000 29.000000 0.000000 0.000000 0.000000 4.000000 0.000000 0.000000 117.000000 202.000000 12.000000
0.000000 0.000000 0.000000 0.000000 0.000000 0.000000 0.000000 2.000000 1.000000 0.000000 0.000000 0.000000 34.000000 236.000000 147.000000 126.000000 112.000000 163.000000 176.000000 0.000000 0.000000 0.000000 0.000000 0.000000 93.000000 204.000000 217.000000 52.000000
0.000000 0.000000 0.000000 1.000000 0.000000 1.000000 0.000000 0.000000 0.000000 6.000000 30.000000 236.000000 125.000000 118.000000 72.000000 104.000000 115.000000 122.000000 190.000000 238.000000 117.000000 37.000000 32.000000 91.000000 199.000000 200.000000 170.000000 25.000000
0.000000 0.000000 0.000000 0.000000 0.000000 0.000000 0.000000 61.000000 61.000000 189.000000 163.000000 80.000000 82.000000 110.000000 126.000000 126.000000 135.000000 136.000000 115.000000 175.000000 221.000000 214.000000 202.000000 221.000000 192.000000 135.000000 189.000000 39.000000
0.000000 0.000000 0.000000 0.000000 0.000000 36.000000 52.000000 149.000000 189.000000 65.000000 76.000000 100.000000 111.000000 115.000000 118.000000 121.000000 128.000000 136.000000 122.000000 90.000000 97.000000 136.000000 171.000000 172.000000 105.000000 90.000000 221.000000 33.000000
37.000000 125.000000 103.000000 111.000000 124.000000 129.000000 111.000000 85.000000 97.000000 119.000000 117.000000 103.000000 107.000000 114.000000 136.000000 160.000000 172.000000 181.000000 188.000000 197.000000 186.000000 147.000000 111.000000 94.000000 112.000000 170.000000 203.000000 76.000000
142.000000 188.000000 181.000000 181.000000 178.000000 163.000000 150.000000 126.000000 104.000000 107.000000 140.000000 161.000000 188.000000 204.000000 213.000000 221.000000 225.000000 225.000000 218.000000 209.000000 146.000000 199.000000 255.000000 252.000000 210.000000 209.000000 206.000000 40.000000
58.000000 124.000000 153.000000 170.000000 183.000000 188.000000 174.000000 182.000000 167.000000 200.000000 211.000000 207.000000 204.000000 189.000000 195.000000 149.000000 85.000000 104.000000 186.000000 0.000000 0.000000 0.000000 13.000000 23.000000 23.000000 12.000000 6.000000 18.000000
15.000000 27.000000 2.000000 2.000000 5.000000 13.000000 47.000000 69.000000 142.000000 71.000000 25.000000 6.000000 0.000000 0.000000 0.000000 0.000000 0.000000 0.000000 27.000000 72.000000 25.000000 23.000000 20.000000 11.000000 12.000000 23.000000 37.000000 47.000000
0.000000 29.000000 69.000000 73.000000 68.000000 52.000000 8.000000 57.000000 34.000000 0.000000 6.000000 26.000000 39.000000 39.000000 48.000000 57.000000 58.000000 54.000000 27.000000 65.000000 86.000000 39.000000 44.000000 41.000000 43.000000 54.000000 66.000000 47.000000
0.000000 0.000000 0.000000 0.000000 36.000000 45.000000 45.000000 73.000000 55.000000 73.000000 80.000000 66.000000 61.000000 59.000000 48.000000 39.000000 43.000000 45.000000 51.000000 44.000000 59.000000 41.000000 45.000000 58.000000 58.000000 45.000000 36.000000 1.000000
0.000000 0.000000 0.000000 0.000000 0.000000 0.000000 0.000000 0.000000 0.000000 0.000000 0.000000 0.000000 0.000000 0.000000 0.000000 0.000000 0.000000 0.000000 0.000000 0.000000 0.000000 0.000000 0.000000 0.000000 0.000000 0.000000 0.000000 0.000000
0.000000 0.000000 0.000000 0.000000 0.000000 0.000000 0.000000 0.000000 0.000000 0.000000 0.000000 0.000000 0.000000 0.000000 0.000000 0.000000 0.000000 0.000000 0.000000 0.000000 0.000000 0.000000 0.000000 0.000000 0.000000 0.000000 0.000000 0.000000
0.000000 0.000000 0.000000 0.000000 0.000000 0.000000 0.000000 0.000000 0.000000 0.000000 0.000000 0.000000 0.000000 0.000000 0.000000 0.000000 0.000000 0.000000 0.000000 0.000000 0.000000 0.000000 0.000000 0.000000 0.000000 0.000000 0.000000 0.000000
0.000000 0.000000 0.000000 0.000000 0.000000 0.000000 0.000000 0.000000 0.000000 0.000000 0.000000 0.000000 0.000000 0.000000 0.000000 0.000000 0.000000 0.000000 0.000000 0.000000 0.000000 0.000000 0.000000 0.000000 0.000000 0.000000 0.000000 0.000000
0.000000 0.000000 0.000000 0.000000 0.000000 0.000000 0.000000 0.000000 0.000000 0.000000 0.000000 0.000000 0.000000 0.000000 0.000000 0.000000 0.000000 0.000000 0.000000 0.000000 0.000000 0.000000 0.000000 0.000000 0.000000 0.000000 0.000000 0.000000
0.000000 0.000000 0.000000 0.000000 0.000000 0.000000 0.000000 0.000000 0.000000 0.000000 0.000000 0.000000 0.000000 0.000000 0.000000 0.000000 0.000000 0.000000 0.000000 0.000000 0.000000 0.000000 0.000000 0.000000 0.000000 0.000000 0.000000 0.000000
0.000000 0.000000 0.000000 0.000000 0.000000 0.000000 0.000000 0.000000 0.000000 0.000000 0.000000 0.000000 0.000000 0.000000 0.000000 0.000000 0.000000 0.000000 0.000000 0.000000 0.000000 0.000000 0.000000 0.000000 0.000000 0.000000 0.000000 0.000000
0.000000 0.000000 0.000000 0.000000 0.000000 0.000000 0.000000 0.000000 0.000000 0.000000 0.000000 0.000000 0.000000 0.000000 0.000000 0.000000 0.000000 0.000000 0.000000 0.000000 0.000000 0.000000 0.000000 0.000000 0.000000 0.000000 0.000000 0.000000
