0.000000 0.000000 0.000000 0.000000 0.000000 0.000000 0.000000 0.000000 0.000000 80.000000 229.000000 220.000000 210.000000 202.000000 197.000000 201.000000 210.000000 229.000000 216.000000 0.000000 0.000000 1.000000 0.000000 0.000000 0.000000 0.000000 0.000000 0.000000
0.000000 0.000000 0.000000 0.000000 0.000000 0.000000 1.000000 0.000000 0.000000 201.000000 242.000000 225.000000 245.000000 236.000000 233.000000 246.000000 239.000000 226.000000 230.000000 32.000000 0.000000 4.000000 0.000000 0.000000 0.000000 0.000000 0.000000 0.000000
0.000000 0.000000 0.000000 0.000000 3.000000 0.000000 0.000000 0.000000 0.000000 201.000000 214.000000 193.000000 238.000000 252.000000 255.000000 244.000000 212.000000 205.000000 229.000000 84.000000 0.000000 0.000000 0.000000 0.000000 0.000000 0.000000 0.000000 0.000000
0.000000 0.000000 0.000000 0.000000 0.000000 0.000000 1.000000 135.000000 212.000000 215.000000 218.000000 214.000000 219.000000 209.000000 200.000000 220.000000 208.000000 218.000000 215.000000 217.000000 113.000000 0.000000 0.000000 0.000000 0.000000 0.000000 0.000000 0.000000
0.000000 0.000000 0.000000 0.000000 0.000000 0.000000 183.000000 225.000000 207.000000 201.000000 202.000000 203.000000 212.000000 205.000000 187.000000 210.000000 199.000000 197.000000 200.000000 203.000000 224.000000 178.000000 0.000000 0.000000 0.000000 0.000000 0.000000 0.000000
0.000000 0.000000 0.000000 0.000000 0.000000 89.000000 222.000000 194.000000 200.000000 205.000000 218.000000 217.000000 233.000000 220.000000 227.000000 241.000000 232.000000 219.000000 212.000000 201.000000 196.000000 226.000000 106.000000 0.000000 0.000000 0.000000 0.000000 0.000000
0.000000 0.000000 0.000000 0.000000 0.000000 162.000000 221.000000 196.000000 210.000000 202.000000 187.000000 172.000000 160.000000 178.000000 82.000000 166.000000 118.000000 187.000000 188.000000 212.000000 199.000000 223.000000 180.000000 0.000000 0.000000 0.000000 0.000000 0.000000
0.000000 0.000000 0.000000 0.000000 0.000000 186.000000 225.000000 199.000000 231.000000 70.000000 0.000000 48.000000 46.000000 48.000000 37.000000 111.000000 0.000000 57.000000 0.000000 215.000000 206.000000 222.000000 216.000000 0.000000 0.000000 0.000000 0.000000 0.000000
0.000000 0.000000 0.000000 0.000000 0.000000 214.000000 221.000000 212.000000 234.000000 88.000000 0.000000 103.000000 69.000000 105.000000 63.000000 110.000000 152.000000 162.000000 0.000000 207.000000 216.000000 223.000000 235.000000 0.000000 0.000000 0.000000 0.000000 0.000000
0.000000 0.000000 0.000000 0.000000 0.000000 236.000000 216.000000 223.000000 208.000000 208.000000 218.000000 230.000000 238.000000 234.000000 230.000000 225.000000 221.000000 221.000000 197.000000 209.000000 221.000000 224.000000 240.000000 1.000000 0.000000 0.000000 0.000000 0.000000
0.000000 0.000000 0.000000 0.000000 0.000000 246.000000 219.000000 218.000000 205.000000 216.000000 213.000000 203.000000 201.000000 200.000000 202.000000 205.000000 207.000000 209.000000 216.000000 210.000000 228.000000 219.000000 244.000000 29.000000 0.000000 0.000000 0.000000 0.000000
0.000000 0.000000 0.000000 0.000000 7.000000 252.000000 220.000000 216.000000 204.000000 210.000000 203.000000 204.000000 203.000000 205.000000 205.000000 205.000000 205.000000 205.000000 200.000000 207.000000 234.000000 218.000000 245.000000 55.000000 0.000000 0.000000 0.000000 0.000000
0.000000 0.000000 0.000000 0.000000 35.000000 252.000000 220.000000 217.000000 206.000000 204.000000 203.000000 207.000000 205.000000 206.000000 206.000000 206.000000 205.000000 210.000000 203.000000 198.000000 247.000000 219.000000 245.000000 64.000000 0.000000 0.000000 0.000000 0.000000
0.000000 0.000000 0.000000 0.000000 59.000000 248.000000 224.000000 223.000000 205.000000 197.000000 204.000000 207.000000 205.000000 206.000000 206.000000 206.000000 206.000000 208.000000 202.000000 193.000000 248.000000 220.000000 245.000000 82.000000 0.000000 0.000000 0.000000 0.000000
0.000000 0.000000 0.000000 0.000000 90.000000 245.000000 230.000000 232.000000 198.000000 195.000000 207.000000 206.000000 205.000000 206.000000 206.000000 206.000000 205.000000 206.000000 206.000000 194.000000 249.000000 221.000000 246.000000 98.000000 0.000000 0.000000 0.000000 0.000000
0.000000 0.000000 0.000000 0.000000 108.000000 242.000000 230.000000 250.000000 196.000000 200.000000 209.000000 206.000000 206.000000 206.000000 207.000000 206.000000 206.000000 209.000000 209.000000 195.000000 253.000000 225.000000 243.000000 105.000000 0.000000 0.000000 0.000000 0.000000
0.000000 0.000000 0.000000 0.000000 134.000000 235.000000 231.000000 249.000000 194.000000 205.000000 207.000000 206.000000 206.000000 206.000000 206.000000 206.000000 205.000000 207.000000 208.000000 200.000000 255.000000 233.000000 235.000000 129.000000 0.000000 0.000000 0.000000 0.000000
0.000000 0.000000 0.000000 0.000000 152.000000 222.000000 242.000000 200.000000 187.000000 212.000000 203.000000 207.000000 206.000000 205.000000 205.000000 205.000000 205.000000 203.000000 205.000000 196.000000 255.000000 236.000000 231.000000 152.000000 0.000000 0.000000 0.000000 0.000000
0.000000 0.000000 0.000000 0.000000 165.000000 216.000000 255.000000 143.000000 187.000000 215.000000 206.000000 205.000000 206.000000 206.000000 205.000000 206.000000 206.000000 205.000000 210.000000 194.000000 236.000000 246.000000 223.000000 170.000000 0.000000 0.000000 0.000000 0.000000
0.000000 0.000000 0.000000 0.000000 169.000000 215.000000 255.000000 74.000000 194.000000 212.000000 202.000000 206.000000 206.000000 207.000000 206.000000 206.000000 205.000000 203.000000 211.000000 194.000000 180.000000 255.000000 220.000000 175.000000 0.000000 0.000000 0.000000 0.000000
0.000000 0.000000 0.000000 0.000000 171.000000 216.000000 255.000000 51.000000 206.000000 212.000000 203.000000 206.000000 206.000000 206.000000 206.000000 206.000000 204.000000 204.000000 205.000000 207.000000 134.000000 255.000000 223.000000 180.000000 0.000000 0.000000 0.000000 0.000000
0.000000 0.000000 0.000000 0.000000 172.000000 221.000000 255.000000 30.000000 218.000000 205.000000 203.000000 206.000000 207.000000 207.000000 205.000000 206.000000 203.000000 203.000000 205.000000 211.000000 72.000000 255.000000 225.000000 181.000000 0.000000 0.000000 0.000000 0.000000
0.000000 0.000000 0.000000 0.000000 174.000000 223.000000 255.000000 0.000000 224.000000 205.000000 203.000000 205.000000 209.000000 211.000000 207.000000 206.000000 206.000000 206.000000 204.000000 211.000000 33.000000 255.000000 231.000000 175.000000 0.000000 0.000000 0.000000 0.000000
0.000000 0.000000 0.000000 0.000000 170.000000 229.000000 228.000000 0.000000 238.000000 206.000000 204.000000 205.000000 209.000000 210.000000 205.000000 204.000000 206.000000 205.000000 206.000000 219.000000 0.000000 250.000000 227.000000 162.000000 0.000000 0.000000 0.000000 0.000000
0.000000 0.000000 0.000000 0.000000 177.000000 228.000000 217.000000 0.000000 249.000000 196.000000 201.000000 201.000000 204.000000 206.000000 203.000000 203.000000 206.000000 204.000000 194.000000 242.000000 19.000000 221.000000 229.000000 167.000000 0.000000 0.000000 0.000000 0.000000
0.000000 0.000000 0.000000 0.000000 130.000000 240.000000 182.000000 0.000000 243.000000 211.000000 214.000000 212.000000 212.000000 210.000000 209.000000 210.000000 209.000000 213.000000 211.000000 253.000000 0.000000 195.000000 240.000000 130.000000 0.000000 0.000000 0.000000 0.000000
0.000000 0.000000 0.000000 0.000000 115.000000 255.000000 169.000000 0.000000 255.000000 228.000000 231.000000 252.000000 252.000000 252.000000 252.000000 252.000000 251.000000 230.000000 229.000000 255.000000 6.000000 211.000000 255.000000 112.000000 0.000000 0.000000 0.000000 0.000000
0.000000 0.000000 0.000000 0.000000 47.000000 169.000000 78.000000 0.000000 129.000000 107.000000 106.000000 106.000000 106.000000 106.000000 106.000000 109.000000 109.000000 111.000000 107.000000 146.000000 0.000000 75.000000 157.000000 36.000000 0.000000 0.000000 0.000000 0.000000
