0.9526045322418213
0.9497659206390381
0.9498392343521118
0.9484272003173828
0.9498401880264282
0.9519853591918945
0.9514220356941223
0.9526069760322571
0.9499565958976746
0.9483883380889893
0.9488309621810913
0.9511879086494446
0.9502776861190796
0.9536222815513611
0.9519854187965393
0.9507654309272766
0.9536033868789673
0.9505709409713745
0.9492802023887634
0.9495147466659546
0.9488582015037537
0.9551401734352112
0.949413001537323
0.9511953592300415
0.95186448097229
0.9536647796630859
0.9523648619651794
0.9509062767028809
0.9497963786125183
0.9534049034118652
0.949787437915802
0.9488153457641602
0.9516910314559937
0.9519766569137573
0.9509279727935791
0.9502795934677124
0.9519450664520264
0.9484167098999023
0.9497805237770081
0.9513925313949585
0.9519872069358826
0.9478603601455688
0.9522651433944702
0.9497689604759216
0.9494524002075195
0.9517996907234192
0.9524080157279968
0.9525959491729736
0.9533504247665405
0.9530983567237854
0.9508975148200989
0.9485090970993042
0.9499843120574951
0.950505793094635
0.9542218446731567
0.9510313272476196
0.952350378036499
0.9502738118171692
0.9532844424247742
0.9510044455528259
0.9486837387084961
0.9505419135093689
0.952143132686615
0.9502854943275452
0.9499003291130066
0.9522924423217773
0.9521388411521912
0.948426365852356
0.9491671323776245
0.9562665820121765
0.9509165287017822
0.9523478746414185
0.9489967226982117
0.9501882195472717
0.9493669867515564
0.9524023532867432
0.9514422416687012
0.9520874619483948
0.948995053768158
0.9503530859947205
0.9529403448104858
0.9505476355552673
0.9502629637718201
0.9501809477806091
0.9489583969116211
0.9552017450332642
0.9507225751876831
0.9513960480690002
0.9521020650863647
0.9507303237915039
0.9507748484611511
0.9513683319091797
0.9480806589126587
0.9511345028877258
0.9557384252548218
0.9496325254440308
0.9518341422080994
0.9482774138450623
0.9507380723953247
0.9495391845703125
0.9507421255111694
0.9553096294403076
0.9525202512741089
0.9523007869720459
0.9502201080322266
0.9502935409545898
0.9532759189605713
0.9509115815162659
0.9507559537887573
0.9512927532196045
0.9549039006233215
0.9509889483451843
0.9498692154884338
0.950920581817627
0.9492272734642029
0.9518497586250305
0.9470475316047668
0.9505757689476013
0.9513617157936096
0.9490698575973511
0.9514732360839844
0.950551450252533
0.9516837000846863
0.9545167088508606
0.950393795967102
0.9486817121505737
0.9547017216682434
0.9499755501747131
0.950123131275177
0.9527538418769836
0.9537637829780579
0.9558606743812561
0.949607789516449
0.9530331492424011
0.9502964615821838
0.9495193362236023
0.952624499797821
0.9488807320594788
0.951993465423584
0.9514557719230652
0.9493523836135864
0.9541298151016235
0.9502823948860168
0.951427698135376
0.9517432451248169
0.9493744969367981
0.9556426405906677
0.9500336050987244
0.950483500957489
0.9472389817237854
0.94999760389328
0.9488644599914551
0.9500904679298401
0.9513262510299683
0.9501669406890869
0.9474614262580872
0.9527639746665955
0.9495996236801147
0.955370306968689
0.9510453343391418
0.9513277411460876
0.9519697427749634
0.952213704586029
0.95029217004776
0.9507282972335815
0.9520819187164307
0.9491001963615417
0.9495089054107666
0.9489737153053284
0.9501910209655762
0.9488826394081116
0.9509863257408142
0.9535983204841614
0.9505942463874817
0.949621856212616
0.9498075842857361
0.9555806517601013
0.9509142637252808
0.9527279734611511
0.9524058699607849
0.9527224898338318
0.9515547156333923
0.9540161490440369
0.9483829736709595
0.9508375525474548
0.9501096606254578
0.9534738659858704
0.9478744268417358
0.9500574469566345
0.9525499939918518
0.9535890817642212
0.9489673376083374
0.9507254362106323
0.9537191987037659
0.9554908275604248
0.9508464336395264
0.951651930809021
0.9520122408866882
0.9523143172264099
0.9485653638839722
0.9499934911727905
0.9507337808609009
0.9515697360038757
0.9511731266975403
0.9498816728591919
0.9517343044281006
0.9497714638710022
0.9517345428466797
0.9507738351821899
0.951677143573761
0.9487387537956238
0.9500073790550232
0.9517784118652344
0.9519340395927429
0.9494969844818115
0.9539046883583069
0.9486638903617859
0.9480708837509155
0.9519333243370056
0.9516215920448303
0.952893078327179
0.9527817368507385
0.9537261128425598
0.9505521655082703
0.9503477215766907
0.9537891745567322
0.9507743120193481
0.9510931968688965
0.949934720993042
0.9496999382972717
0.949084997177124
0.9531431198120117
0.9558960199356079
0.9487593770027161
0.9481369256973267
0.9485931396484375
0.9504715800285339
0.9506686329841614
0.9520995020866394
0.9492156505584717
0.9509919285774231
0.9528619647026062
0.9547299146652222
0.9501493573188782
0.9510973691940308
0.9541478157043457
0.94891756772995
0.949384331703186
0.9505147933959961
0.9514558911323547
0.9495433568954468
0.9544811844825745
0.9509062767028809
0.9512912631034851
0.9511791467666626
0.9477660059928894
0.9508048892021179
0.9517040252685547
0.9525438547134399
0.9486987590789795
0.949406087398529
0.9478899240493774
0.9503724575042725
0.9517821073532104
0.9525782465934753
0.9464035630226135
0.9535368084907532
0.9567797183990479
0.9520971179008484
0.9544569849967957
0.9511587619781494
0.9504536390304565
0.9505652785301208
0.9512027502059937
0.9470524191856384
0.950999915599823
0.9510506391525269
0.9519118666648865
0.950888991355896
0.9518377184867859
0.953163743019104
0.9493928551673889
0.9508668780326843
0.9507198333740234
0.9510470032691956
0.9519835710525513
0.9489904642105103
0.9527171850204468
0.9514486789703369
0.9523743987083435
0.9529050588607788
0.9494859576225281
0.9534140825271606
0.9494841694831848
0.9540375471115112
0.9517946243286133
0.9499287605285645
0.9482631683349609
0.9544058442115784
0.9501142501831055
0.9530335664749146
0.9513938426971436
0.9495633244514465
0.9515654444694519
0.9519237875938416
0.9513331055641174
0.9516329169273376
0.9519330859184265
0.9487804174423218
0.954854428768158
0.9539862275123596
0.9481250643730164
0.9521658420562744
0.9503225088119507
0.9499394297599792
0.9495261311531067
0.9491841793060303
0.9539808034896851
0.9472089409828186
0.9497267603874207
0.9509958624839783
0.9532585740089417
0.949233889579773
0.9492135047912598
0.9488112926483154
0.950956404209137
0.9525636434555054
0.9522914290428162
0.9504044651985168
0.9541850686073303
0.9490830898284912
0.9506545066833496
0.9522520303726196
0.9539731740951538
0.9491460919380188
0.9515810012817383
0.9505504369735718
0.9509860277175903
0.9502965211868286
0.9551735520362854
0.9511271119117737
0.9525628685951233
0.953851044178009
0.9521437883377075
0.952831506729126
0.9482989311218262
0.952272355556488
0.9528561234474182
0.9509153962135315
0.9516634345054626
0.950096845626831
0.9525657296180725
0.9528193473815918
0.9525688290596008
0.9490890502929688
0.9502484798431396
0.9505294561386108
0.9509554505348206
0.9522495269775391
0.9509075284004211
0.9496181607246399
0.9501787424087524
0.9490974545478821
0.9528704881668091
0.9480142593383789
0.9501118659973145
0.9499391317367554
0.9522697329521179
0.9510018229484558
0.9507440328598022
0.9519873857498169
0.9492177963256836
0.9512816071510315
0.9482725262641907
0.9503592848777771
0.9526886940002441
0.9519248008728027
0.9495547413825989
0.9528355598449707
0.9500799179077148
0.9496880769729614
0.952949583530426
0.9496181011199951
0.9511168599128723
0.9518802762031555
0.9525753855705261
0.9533320665359497
0.9505256414413452
0.954613983631134
0.9482590556144714
0.9482478499412537
0.9507395625114441
0.950645387172699
0.9501757621765137
0.948028028011322
0.95213782787323
0.9505184292793274
0.9508069157600403
0.9498417377471924
0.9519183039665222
0.9499627947807312
0.9506490230560303
0.9484238028526306
0.9502885937690735
0.9496709108352661
0.9499749541282654
0.9544745087623596
0.9550958275794983
0.9522771239280701
0.9506421685218811
0.951800525188446
0.950102686882019
0.9522807002067566
0.947281539440155
0.9491633176803589
0.9535363912582397
0.9556610584259033
0.9499498605728149
0.9507350921630859
0.9529321193695068
0.9504319429397583
0.9489170908927917
0.9506427049636841
0.9549412727355957
0.9542403817176819
0.9545185565948486
0.9514438509941101
0.9511276483535767
0.9517663717269897
0.9497625231742859
0.9519419074058533
0.9501139521598816
0.9526393413543701
0.9512842893600464
0.9507288932800293
0.9509678483009338
0.9473006129264832
0.9501577615737915
0.9501824378967285
0.9521546959877014
0.9523171186447144
0.9540750980377197
0.9587274789810181
0.950285017490387
0.9540143013000488
0.9507448673248291
0.9494300484657288
0.9542771577835083
0.9510056972503662
0.9501747488975525
0.9526936411857605
0.9503083825111389
0.9515759944915771
0.9490896463394165
0.9537481665611267
0.9518429040908813
0.9535472393035889
0.9529121518135071
0.9554794430732727
0.9491119980812073
0.9538379907608032
0.9500336647033691
0.9505488276481628
0.954035758972168
0.9501133561134338
0.9499790668487549
0.9522364139556885
0.9505710601806641
0.9534723162651062
0.9543377161026001
0.9525195956230164
0.9518304467201233
0.9505913257598877
0.9497063755989075
0.9515408873558044
0.9533038139343262
0.9528125524520874
0.952226459980011
0.9513536691665649
0.9478893280029297
0.9540830850601196
0.9503286480903625
0.9512223601341248
0.9507229328155518
0.9527682662010193
0.9495053887367249
0.9488407969474792
0.9523881673812866
0.9499995112419128
0.9524056315422058
0.9532870054244995
0.9500507712364197
0.9522013664245605
0.9487680792808533
0.9514121413230896
0.9483227729797363
0.9482347369194031
0.9501378536224365
0.9512001872062683
0.9545180797576904
0.9508749842643738
0.9480847716331482
0.9517759084701538
0.951299786567688
0.9498822093009949
0.9507417678833008
0.9500582814216614
0.9506677389144897
0.9504995942115784
0.9509376883506775
0.9496567249298096
0.9521067142486572
