-0.00732640502974391
-0.0015686333645135164
-0.00599207216873765
0.00509178452193737
-0.005433511454612017
-0.003182112704962492
-0.002868949668481946
-0.006640125066041946
-0.0004228450416121632
-0.00407808693125844
-0.003814654890447855
-0.0030595737043768167
-0.01004290021955967
-0.008093791082501411
-0.007370286621153355
-0.011720900423824787
-0.0018788379384204745
-0.0019358424469828606
-0.004689458757638931
-0.0024966434575617313
-0.0050663999281823635
-0.0036241807974874973
-0.0009300223900936544
-0.0038999232929199934
-0.0019045514054596424
-0.004634253680706024
-0.009355475194752216
-0.0031240314710885286
0.004620100371539593
-0.005745140369981527
-0.0029781300108879805
-0.0014486364088952541
0.0009612917783670127
-0.008148330263793468
0.0010940508218482137
-0.005914400797337294
0.0023177540861070156
0.00036447413731366396
-0.002682618796825409
-0.006661888677626848
-0.004324120469391346
-0.0016563116805627942
-0.007403706666082144
-0.004399059806019068
-0.0034768893383443356
-0.003381294896826148
0.001758348080329597
-0.004252961836755276
-0.0038088385481387377
-0.007299220189452171
-0.0034931476693600416
-0.0016268965555354953
0.002097159391269088
-0.003454795340076089
-0.0024807173758745193
-0.0023209943901747465
0.0017261471366509795
-0.005252446513622999
-0.008076902478933334
-0.004520397167652845
0.00020579103147611022
-0.0005252516129985452
-0.00023252017854247242
-0.006445382256060839
