0.004546870477497578
-0.006513291969895363
-0.011584908701479435
0.011198161169886589
0.003178146667778492
0.011636126786470413
-0.012347507290542126
-0.004843716509640217
-0.0025982328224927187
0.0043401517905294895
-0.011150512844324112
0.002863491652533412
0.010262790136039257
0.0024586813524365425
0.0019349935464560986
-0.005798031575977802
-0.00991709716618061
-0.003511536167934537
0.0073911771178245544
-0.0008071429911069572
0.009504327550530434
0.0041480595245957375
0.0025927035603672266
0.011245762929320335
0.01022498682141304
-0.01369840744882822
-0.000867106718942523
-0.0003875379916280508
0.0051128920167684555
0.01230468787252903
-0.009652246721088886
0.0034886272624135017
0.005655696615576744
-0.0009983129566535354
-0.009380646981298923
0.0036338528152555227
0.013411167077720165
-0.0031872594263404608
-0.006709809880703688
-0.0033212145790457726
-0.01217940729111433
0.013215284794569016
0.001459582126699388
-0.008396070450544357
-0.0011443166295066476
0.00387324346229434
-0.012639863416552544
-0.012656237930059433
0.000798435416072607
0.0034110615961253643
-0.0018807449378073215
-0.013413438573479652
-0.003969951532781124
0.012850338593125343
0.003646767232567072
0.008539467118680477
-0.01338210329413414
0.00905369222164154
0.00993355643004179
0.0034914321731776
-0.0019510744605213404
0.0021389934699982405
-0.007863066159188747
-0.009305077604949474
0.007443594746291637
0.009725937619805336
0.003640716429799795
0.00202145054936409
-0.0034924522042274475
0.007177970837801695
-0.003922926262021065
0.009470131248235703
0.012989800423383713
-0.0036555167753249407
-0.00905338954180479
0.006816626060754061
0.013692738488316536
0.010409445501863956
0.005205785855650902
0.008556594140827656
0.011968201026320457
-0.0016098142368718982
0.012695304118096828
-0.006100560538470745
-0.006077923811972141
0.010315151885151863
-0.00853715930134058
-0.004183421842753887
0.0032232780940830708
0.0024063747841864824
-0.008035944774746895
-0.012833702377974987
0.006305422633886337
-0.00956113450229168
0.00484653702005744
0.0005622616736218333
1.5833222278160974e-05
0.0050781527534127235
0.012154056690633297
0.002211005659773946
-0.005382827017456293
0.0005869354354217649
0.008076471276581287
0.005802085157483816
0.010687004774808884
0.0036746629048138857
-0.0029908698052167892
-0.0012724683620035648
-0.005721759051084518
-0.009904134087264538
0.012136180885136127
0.0042594438418745995
-0.012684689834713936
-0.0038927486166357994
0.00024444537120871246
0.0002482179261278361
0.0019192215986549854
0.004667961969971657
0.0029072274919599295
0.004423833452165127
-0.0033675620798021555
-0.012465927749872208
-0.007239822298288345
-0.007609943393617868
0.004985509440302849
0.003216984448954463
0.008698131889104843
-0.008117557503283024
-0.007682994939386845
0.0029277000576257706
-6.717719952575862e-05
0.005948744714260101
0.0039808498695492744
0.009847477078437805
0.0029989718459546566
-0.00042851740727201104
-0.011859169229865074
-0.004841791000217199
-0.0005512061761692166
-0.0013140634400770068
-0.0029681071173399687
0.004346755798906088
0.0030342659447342157
0.00679179048165679
0.00310961389914155
-0.013723942451179028
0.003108520060777664
0.010402637533843517
0.0010421418119221926
-0.006227197591215372
-0.0007713604136370122
-0.008596720173954964
0.003197083016857505
0.012757064774632454
-0.011548738926649094
-0.004291171673685312
0.010835247114300728
0.00725431926548481
0.013437479734420776
0.0018164648208767176
0.012094959616661072
-0.00926173571497202
-0.006482509896159172
-0.008442293852567673
0.0006263705436140299
-0.0010901030618697405
0.007994160056114197
0.005966121330857277
0.001581045100465417
-0.004676425829529762
-0.002675955882295966
-0.0025232259649783373
-0.011732610873878002
0.00666703749448061
0.0008074630168266594
-0.0009744233684614301
0.0029315422289073467
0.00048231176333501935
0.00951023492962122
-0.00964036863297224
-0.0021104831248521805
-0.007414964959025383
-0.0037249482702463865
-0.006491693202406168
0.008824308402836323
-0.009755207225680351
-0.006230512633919716
0.00990381371229887
-0.0022915685549378395
0.00047201605048030615
-0.002915407996624708
0.012612104415893555
-0.012109505012631416
-0.0008890370954759419
0.00012912663805764169
0.006267782766371965
-0.003649006364867091
0.0032208142802119255
0.005704461131244898
0.008968201465904713
0.011698414571583271
0.007905224338173866
-0.006128128618001938
-0.006922637112438679
-0.004882277920842171
0.002272968180477619
0.00885440781712532
0.008107347413897514
0.01332103367894888
-0.009482412599027157
0.00934892613440752
0.009047867730259895
-0.012129637412726879
-0.00910306628793478
0.012307490222156048
0.008953070268034935
-0.012367213144898415
0.0010396101279184222
0.0057587469927966595
-0.00802240427583456
-0.003956607077270746
0.003681856906041503
-0.011663214303553104
-0.009367725811898708
0.012483448721468449
-0.013386438600718975
0.012381098233163357
-0.00986381247639656
0.008925498463213444
-0.010773505084216595
0.01159188337624073
-0.011871959082782269
0.008552778512239456
-0.005745481699705124
-0.009854093194007874
0.006119279190897942
-0.0012664601672440767
0.00048199028242379427
-0.008148511871695518
0.008812058717012405
-0.008742956444621086
-0.003551451489329338
-0.007859467528760433
-0.011381412856280804
-0.002652829745784402
0.0042418562807142735
0.007879995740950108
-0.0022481181658804417
-0.005760656204074621
0.010623619891703129
0.0003511429822538048
-0.012885983102023602
7.59299800847657e-05
-0.0037326039746403694
-0.003636059584096074
0.008678057231009007
0.01193372905254364
0.005269618239253759
-0.006484734360128641
-0.010628679767251015
0.009049626998603344
-0.008862704038619995
-0.004301638342440128
-0.005622038152068853
-0.009999004192650318
0.002529650693759322
0.00602205703034997
0.0028394311666488647
-0.010371346957981586
0.0027280852664262056
0.002431741449981928
-0.004211912862956524
0.00283444463275373
0.00865220557898283
-0.005248948931694031
4.960487058269791e-05
0.0095808831974864
-0.001063552568666637
0.004448423162102699
0.0010638558305799961
0.0015682060038670897
-0.013319169171154499
-0.011723172850906849
0.005272949580103159
-0.0032361510675400496
-0.002214973559603095
-0.008050484582781792
0.0038719098083674908
0.004566596355289221
0.0009830326307564974
-0.013441463932394981
0.010099089704453945
-0.013217365369200706
-0.010184568352997303
0.013453402556478977
-0.006206888239830732
-0.0012466090265661478
0.00041251294896937907
-0.00588136725127697
-0.006037313956767321
-0.006953716743737459
0.005950983613729477
0.0037753547076135874
0.008195985108613968
-0.010207031853497028
0.009394939988851547
0.0023088154848665
-0.005664068274199963
0.006576616317033768
-0.006609232630580664
0.012674165889620781
0.013253703713417053
0.007128773722797632
-0.011659976094961166
-0.0034845322370529175
-0.00992068275809288
-0.013688886538147926
-0.00093981740064919
-0.000886494992300868
0.006381234619766474
-0.012405705638229847
-0.00037747365422546864
0.011426380835473537
-0.006650344468653202
-0.005946712102741003
0.008844321593642235
-0.011798196472227573
-0.00012234909809194505
-0.011692529544234276
0.005171961151063442
0.0016358939465135336
-0.0007803785265423357
0.01361875794827938
-0.00895015336573124
-0.010965093038976192
-0.006904189009219408
0.007873324677348137
0.009107469581067562
0.01301763579249382
0.012849029153585434
0.004396585747599602
0.004562546033412218
-0.0027868084143847227
-0.008665458299219608
0.005266015417873859
-0.0004424523503985256
-0.0041426741518080235
-0.0033096252009272575
-0.0013205119175836444
-0.005791631527245045
0.004664646927267313
-0.006591467186808586
0.012135487981140614
0.005508835427463055
-0.012817945331335068
0.0046455468982458115
-0.005570197943598032
-0.002348901703953743
0.004221202805638313
0.00901755876839161
0.006816234905272722
0.008624840527772903
0.008750353939831257
0.011684462428092957
0.013662362471222878
0.010118712671101093
0.012032068334519863
0.006557974964380264
-0.0064040906727313995
-0.009780311025679111
0.010233930312097073
-0.007596265058964491
0.010696654208004475
0.01129547692835331
0.0062721241265535355
0.009277094155550003
0.007814734242856503
-0.004375698510557413
-0.0020425310358405113
0.0115364296361804
0.007375962566584349
0.0017530762124806643
-0.011595754884183407
-0.0033889729529619217
0.005905653815716505
0.0021422754507511854
-0.0007103517418727279
0.008546159602701664
0.01324897538870573
-0.010672133415937424
0.012710507027804852
-0.0009789546020328999
0.0009001482976600528
0.012615609914064407
-0.0029890763107687235
-0.007729332894086838
0.0007054235902614892
-0.007848192937672138
0.005755873862653971
0.010492083616554737
0.010283702984452248
-0.012976976111531258
0.012909962795674801
-0.007144249510020018
-0.00929929967969656
0.01257934607565403
0.013454139232635498
-0.007516931742429733
-0.009599831886589527
0.00653586583212018
-0.013756011612713337
0.005952570587396622
-0.0027503520250320435
-0.00631315540522337
-0.007182534318417311
-0.009501589462161064
0.008890395984053612
-2.129311724274885e-05
0.003754107281565666
0.011987518519163132
0.010563597083091736
0.011077459901571274
-0.0044020856730639935
0.009951789863407612
0.0077047208324074745
-0.0134928859770298
-0.013675498776137829
-0.004557356704026461
0.013223308138549328
-0.0023782560601830482
-0.004437925294041634
0.006859608925879002
-0.012511180713772774
-0.0060470919124782085
0.010139436461031437
-0.012169025838375092
0.008663972839713097
0.006818403955549002
0.007035329006612301
-0.006871239747852087
-0.005241743288934231
-0.001544792903587222
0.012127344496548176
-0.007740755565464497
-0.005973788443952799
-0.013534829951822758
-0.01136859692633152
-0.008181757293641567
0.006928104907274246
0.0030252777505666018
-0.010326261632144451
-0.013285033404827118
-0.009966308251023293
0.005333198234438896
-0.0011201829183846712
0.006774564739316702
-0.003651512088254094
-0.006803662981837988
0.0005618094000965357
0.0028995012398809195
-0.009995552711188793
0.005145009607076645
-0.011420203372836113
-0.01388368010520935
-0.005940968170762062
0.011580822058022022
-0.0038833252619951963
-0.012059580534696579
0.013469412922859192
0.005204052664339542
-0.010854451917111874
-0.008796914480626583
0.0018753830809146166
-0.011376742273569107
-0.013872426003217697
-0.0052710035815835
-0.007893471047282219
-0.010137305594980717
-0.008930300362408161
-0.008286019787192345
-0.004551121965050697
-0.0016629992751404643
-0.002009432530030608
-0.009247423149645329
-0.006511894520372152
0.011608049273490906
-0.00770436879247427
-0.009668218903243542
0.011223460547626019
-0.008461466059088707
0.01303853839635849
0.01360275223851204
-0.008811709471046925
0.007344485726207495
0.005233675241470337
0.007992558181285858
-0.008702178485691547
0.008013752289116383
-0.009808952920138836
-0.011963708326220512
0.0015827794559299946
-0.012166758067905903
-0.012207972817122936
-0.009821067564189434
-0.007453415542840958
0.013722341507673264
0.008922840468585491
-1.0533047998251277e-06
0.009791222400963306
0.013664523139595985
-0.008358616381883621
-0.008544675074517727
