-0.0022437572479248047
-0.0026823903899639845
-0.002884844085201621
-0.0044615017250180244
0.002858157502487302
-0.003812172217294574
-0.003938137553632259
-0.002968698274344206
-0.0038504903204739094
-0.004868562798947096
-0.003600936383008957
-0.00034359507844783366
0.00039586806087754667
-0.003918876871466637
-0.006653922609984875
-0.0032798501197248697
-0.0021133311092853546
0.0010145190171897411
-0.0032945750281214714
0.004593682009726763
-0.0007244618609547615
-0.0035904506221413612
-0.0012582509079948068
-0.0016046209493651986
-0.0036628241650760174
-0.0029834136366844177
-0.002363546984270215
-0.005150440614670515
-0.0011123742442578077
-0.0036629915703088045
-0.0057058255188167095
-0.0008413721807301044
-0.0011519927065819502
-0.003330720355734229
-0.006533524952828884
-0.00018950612866319716
-0.002303563291206956
0.0016852696426212788
-0.0013523120433092117
-0.004164660815149546
-0.000783610506914556
-0.0044524697586894035
-0.004479794297367334
-0.001269822707399726
0.003053296124562621
-0.000431642314651981
-0.0009678694768808782
0.0012431122595444322
-0.0008815017645247281
0.0015938180731609464
-0.0020624983590096235
-0.002433798974379897
0.0028127410914748907
-0.00018893333617597818
-0.003105392213910818
-0.003504656022414565
-0.00014863189426250756
0.00044306355994194746
-0.004325143061578274
-0.0014683565823361278
-0.0023845734540373087
-0.006852711085230112
-0.00010829171515069902
-0.003077008994296193
