-0.0025166983250528574
-0.0021333356853574514
-0.0018994436832144856
-0.0013220265973359346
4.362081654107897e-06
-0.00026704155607149005
-0.001709254807792604
-0.002153082750737667
-0.002163285855203867
-0.001751630799844861
-0.0006570328841917217
-0.0018228839617222548
-0.0005473052733577788
-0.0013547264970839024
-0.0023067081347107887
-0.0016800716985017061
-0.002584460424259305
-0.0018354760250076652
-0.001208003843203187
-0.0009772081393748522
-0.0019957367330789566
-0.0013717502588406205
-0.0007445748196914792
-0.0018955894047394395
-0.0026712166145443916
-0.00039435236249119043
-0.001706773997284472
-0.0015174222644418478
-0.002355752047151327
-0.0015135383000597358
-0.0013259267434477806
-0.002141023287549615
-0.0017975267255678773
-0.0010223424760624766
-0.0016513124573975801
-0.0010860331822186708
-0.002228810451924801
-0.0009131139377132058
-0.001472699805162847
-0.0015889424830675125
6.874153314129217e-06
-0.00021025832393206656
-0.0013722107978537679
-0.00011626496416283771
-0.0015379138058051467
8.175538096111268e-05
-0.0006384709267877042
-0.001156242680735886
-0.0012712664902210236
-0.0011338961776345968
-0.002011633710935712
-0.0006487654172815382
-0.000512179802171886
-0.0008619214058853686
-0.00031780023709870875
-0.000781057053245604
-0.0017228327924385667
-0.0014757749158889055
-0.0013015487929806113
-0.0008658887236379087
-0.000792394857853651
-0.0004376910219434649
-0.0012467465130612254
-0.0012618086766451597
-0.00085862772539258
-0.0008573987288400531
-0.001360677881166339
-0.001258433097973466
-0.001731119817122817
0.0001598195667611435
-0.0003111396508757025
-0.001191278570331633
-0.002761655254289508
-0.0008831920567899942
0.00035488305729813874
-0.0016245819861069322
-0.001263457932509482
-0.0008721628692001104
8.372519369004294e-05
-0.0009182203211821616
-0.0030483445152640343
-0.0011419105576351285
-0.00026973732747137547
-0.0016008930979296565
-0.0019288872135803103
-0.002213925588876009
-0.000311031355522573
-0.0003676187770906836
-0.0009850426577031612
-0.002163632307201624
-0.0006581902271136642
-0.0010553052416071296
-0.0012908964417874813
-0.002326800487935543
-0.0016843071207404137
-0.0006964665371924639
-0.000952036352828145
-0.0020913872867822647
-0.0011227092472836375
-0.0005356782348826528
-0.0013982380041852593
-0.0005250135436654091
-0.0011576673714444041
-0.00021501754235941917
-0.001711122808046639
-0.0012638840125873685
-0.0006915968842804432
-0.0012866758042946458
-0.0012402863940224051
-0.0018052314408123493
-0.0012525642523542047
-0.0009261484956368804
-0.0015926461201161146
-0.001052959356456995
-0.0019208361627534032
-0.00038851654971949756
-0.0007756081758998334
-0.0020975081715732813
-0.00021835070219822228
-0.0008109317277558148
-0.0012925321934744716
-5.8579105825629085e-05
-0.0005857383366674185
-0.002276567043736577
-0.0010788071667775512
-0.0011755431769415736
-0.001366064534522593
-0.000911000301130116
0.0004678651166614145
-0.003287167986854911
-0.0017992857610806823
-0.0017168140038847923
-0.001911950297653675
-0.0009371669148094952
-0.0018108126241713762
-0.002166721737012267
-0.0009874501265585423
-0.0008404331165365875
-0.002440172713249922
-0.0006540918839164078
-0.0007748394855298102
-0.0012608987744897604
-0.0021397199016064405
-0.0010111022274941206
0.0003013445530086756
-0.00025668475427664816
-0.0024834773503243923
-0.0005558070843107998
-0.0014316021697595716
-0.0007671057828702033
-0.0012824394507333636
-0.0013978957431390882
-0.002603834494948387
-0.0018508920911699533
-0.001189492759294808
-0.0010011681588366628
-0.0005329698324203491
-0.0007841472397558391
-0.0005449731252156198
-0.000812815735116601
-0.0025324863381683826
-0.00042880838736891747
-0.002954738214612007
-0.0014398294733837247
-0.0018993200501427054
-0.0007484428351745009
-0.003361671930179
-0.0009051719098351896
-0.0012525581987574697
-0.0007711275247856975
-0.0016915242886170745
-0.002299109473824501
-0.0010050656273961067
-0.001061159186065197
-0.002829689532518387
-0.0012550057144835591
-0.000672770373057574
-0.00037769999471493065
-0.0008180614677257836
-0.0013577615609392524
-0.0007428349927067757
-0.00021441566059365869
-0.0015471568331122398
0.000447571073891595
-0.001206559012643993
-0.0007223814609460533
-0.0017124251462519169
0.0007109582074917853
-0.0009932206012308598
-0.0023780837655067444
-0.0009463722235523164
-0.0005770133575424552
-0.0011949798790737987
-0.0013685306767001748
-0.0007980627124197781
-0.0005708958487957716
-0.0018887546611949801
-0.0001523803803138435
-3.9017057133605704e-05
-0.002411074237897992
-0.002105941064655781
-0.0016622067196294665
-0.0005023869452998042
-0.0015820048283785582
-0.0009653337765485048
-0.0007956447661854327
-0.0015326888533309102
-0.0009137991582974792
-0.0011007520370185375
-0.0007832121336832643
-0.0013693809742107987
5.674834756064229e-05
-0.0016770826186984777
-0.0013784790644422174
-0.0011143143055960536
-0.0019813624676316977
-0.0005199892912060022
-0.0012315950589254498
-0.0009318332304246724
-0.0022982079535722733
-0.0014744375366717577
-0.0013119729701429605
-0.0019718455150723457
-0.0010027167154476047
-0.0012030863435938954
-0.0016203863779082894
-0.00045182020403444767
-0.0013071885332465172
-0.0012337962398305535
-0.0016767567722126842
-0.0007827809313312173
-0.0010091307340189815
0.00038794882129877806
-0.0019227026496082544
-0.002172022359445691
-0.000353394279954955
-0.0013660005060955882
-0.0011141042923554778
-0.0009335610084235668
-0.0011554289376363158
-0.0005273048882372677
-8.278844325104728e-05
-0.0007594962953589857
-0.0010657582897692919
-0.001953734317794442
-0.0005803311360068619
-0.00026387572870589793
-0.00011428829748183489
-0.0005120911519043148
-0.001269981381483376
-0.0017801147187128663
-0.000743878714274615
-0.00137985497713089
-0.00030552767566405237
-0.0009635353926569223
-0.001780394813977182
-0.0010711407521739602
-0.0011820356594398618
-0.0015851156786084175
-0.00024642402422614396
0.0001121127643273212
-0.0024872084613889456
-0.0017393511952832341
-0.0021222771611064672
-0.0022956777829676867
-0.0005793278105556965
-0.0012700158404186368
-0.0016344515606760979
-0.001564960926771164
-0.0025595210026949644
-0.0011849801521748304
-0.000278263381915167
-0.0005865752464160323
-0.001494005904532969
-0.002292008837684989
-0.0009128006640821695
-0.0008115948876366019
-0.0019421398174017668
-0.00030586059438064694
-0.001318614580668509
-0.0011368785053491592
-0.0004231139610055834
-0.0014477780787274241
-0.0009186703828163445
-0.002795133274048567
-0.0018201058264821768
-0.0004952864837832749
-0.0012271632440388203
-0.0006838482222519815
-0.0016123532550409436
-0.0012873855885118246
-0.0014824328245595098
-0.001838369993492961
-0.001496995217166841
-0.0007764320471324027
-0.00029649058706127107
-0.0006342725246213377
-0.0010362649336457253
-0.0010698233963921666
-0.0009114341228269041
-0.000911757058929652
-5.4821724916109815e-05
-0.002115796087309718
-0.00232208170928061
-0.001342271571047604
-0.0020665163174271584
-0.00036669359542429447
-0.00184710044413805
-0.0008742061909288168
-0.0013045747764408588
-0.001369703677482903
-0.00023509803577326238
-0.0008907288429327309
-0.0011699290480464697
-0.0003501142782624811
-0.0007219500257633626
-0.0017179414862766862
-0.00124045938719064
-0.0005692748818546534
-0.0009835663950070739
-0.0003420292923692614
-0.0015031257644295692
-0.0005605333717539907
-0.0015709148719906807
-0.0024840831756591797
-0.0010557452915236354
-0.0008014836348593235
-0.0011181459994986653
-0.0005069038597866893
-0.0004641082196030766
-0.0019223794806748629
-0.0032064521219581366
-0.002398638753220439
-0.0013206470757722855
-0.001964665949344635
-0.002093565184623003
-0.0009857687400653958
-0.001373515697196126
-0.0013638442615047097
-9.341781697003171e-05
-0.002728828461840749
-0.0018059498397633433
-0.0016847691731527448
-0.000660082558169961
-0.0005273967981338501
0.000669857719913125
-0.00143716880120337
-0.0008535017841495574
-0.0011901331599801779
-0.0015161753399297595
-0.002138720592483878
-0.001736110309138894
-0.0013793932739645243
-0.0003310676838736981
-0.0006938690203242004
-0.0009755186038091779
-0.0010115955956280231
-0.0007638044189661741
-0.001032866071909666
-0.0020369067788124084
-0.0008228368824347854
-0.0013316781260073185
-0.0014488124288618565
-8.615643309894949e-05
-0.00274928892031312
-0.001007708953693509
-0.0014159110141918063
-0.0011087005259469151
-0.0008594993269070983
-0.0014233405236154795
-0.00035068904981017113
-0.0017903025727719069
5.829821384395473e-05
-0.0015331145841628313
-0.0016885609365999699
-0.000798518827650696
-0.0014438714133575559
-0.0013705551391467452
-0.0004546220297925174
-0.0012260378571227193
-0.0012789572356268764
-0.001123812748119235
-0.0008291249396279454
-0.0008347919210791588
-0.0017533189384266734
-0.0007686002645641565
-0.0010318863205611706
-0.0007174986531026661
-0.0012116553261876106
-0.001970394281670451
-0.0025417092256247997
-0.0008649319061078131
-0.0014020225498825312
-0.001167795853689313
-0.0008401583763770759
-0.0011644338956102729
-0.0025072554126381874
-0.0014871450839564204
0.0002929864567704499
-0.002314909128472209
-0.0007723469752818346
-0.0011794200399890542
-0.0024756852071732283
-0.000563082518056035
-0.0019256689120084047
-0.0012052904348820448
-0.0008895705104805529
-0.000860486296005547
-0.0014783521182835102
-0.000980888493359089
-0.0005478441598825157
-0.0010965783149003983
-0.0012287857243791223
-0.0011019427329301834
-0.0015173843130469322
-0.00032632320653647184
-0.0009347096784040332
-0.0008779601193964481
-0.0002543677983339876
-0.0009567525121383369
-0.0012748735025525093
-0.00111562164966017
0.000677524134516716
-0.001013705157674849
-0.0026777670718729496
-0.0016725145978853106
-0.0005170746007934213
-0.0014534912770614028
-0.0006362884305417538
-0.001555010792799294
-0.00023609187337569892
-0.0012480008881539106
-0.0005873984191566706
-0.0014850597362965345
-0.002014181576669216
-0.0002400336234131828
-0.00019452834385447204
-0.0017211742233484983
-0.001056642853654921
-0.001449817675165832
-0.0010472506983205676
-0.0009592188871465623
-0.0018549156375229359
-0.0014290775870904326
-0.002833268139511347
-0.0006239673821255565
-0.0011904304847121239
-0.00013919804769102484
-0.0006626147078350186
-0.0007345150806941092
-0.0005621351301670074
-0.0007573732873424888
-0.0028436663560569286
-0.00175161799415946
-0.0025866541545838118
-0.0014644849579781294
-0.000364909996278584
-0.0013992558233439922
0.0007885415107011795
-0.00047614489449188113
-0.0009131754632107913
-0.0005130248609930277
-0.0011104386067017913
5.811314258608036e-05
-0.0015122072072699666
-0.0018804684514179826
-0.0007825884385965765
-0.0016183983534574509
-0.0006959419697523117
-0.0008265237556770444
-0.0014444647822529078
-0.0021797262597829103
-0.0009718037908896804
-0.0013777841813862324
-0.0001020869895000942
-0.0014404410030692816
0.0004983630497008562
-0.0005237445002421737
-0.0008732915157452226
-0.0007950743311084807
-0.001078990870155394
-0.0017537780804559588
-0.002311538439244032
-0.0010067116236314178
-0.0024083307944238186
-0.001407634699717164
-0.0015695737674832344
-0.0010123337851837277
-0.0009653953602537513
-0.0010608359007164836
-0.0008824000833556056
-0.0004891282878816128
-4.9464892072137445e-05
-0.0009634954039938748
-0.0029180431738495827
-0.00255568721331656
-0.0018780928803607821
-0.001103121554479003
-0.0009665195248089731
-0.003044792450964451
-0.000757371075451374
-0.00031361932633444667
-0.000752078543882817
-0.0004068045236635953
-0.0014147147303447127
-0.0017635703552514315
-0.00033047873876057565
-0.0015410606283694506
-0.000805754098109901
-0.0007438379107043147
-0.0013056743191555142
-0.0004705086466856301
