0.9448093175888062
0.9456174373626709
0.9467450976371765
0.9425471425056458
0.9452481865882874
0.9464198350906372
0.9470375180244446
0.9505012035369873
0.9453102350234985
0.946126401424408
0.9450124502182007
0.9471437335014343
0.9461091756820679
0.9467357993125916
0.945341169834137
0.9450168013572693
0.9451332688331604
0.944947361946106
0.945384681224823
0.9462040662765503
0.9445223808288574
0.9460423588752747
0.9453924894332886
0.9452173709869385
0.9445571303367615
0.9454125165939331
0.9471874237060547
0.945208728313446
0.9465551376342773
0.9452676177024841
0.9449467062950134
0.944935142993927
0.944331705570221
0.945082426071167
0.9467909336090088
0.9436727166175842
0.9448748826980591
0.9462360143661499
0.9468241930007935
0.947266697883606
0.9458030462265015
0.9450486898422241
0.9479228854179382
0.9454320073127747
0.9451831579208374
0.9450063705444336
0.9460184574127197
0.9456424713134766
0.9462814927101135
0.946183979511261
0.9453688859939575
0.9466432332992554
0.9467995166778564
0.9448870420455933
0.9473902583122253
0.9459977746009827
0.945354700088501
0.9451670050621033
0.9445699453353882
0.946232259273529
0.9458099007606506
0.9490577578544617
0.9457249045372009
0.9442310333251953
0.9462569952011108
0.9456851482391357
0.9464931488037109
0.9474470615386963
0.9462104439735413
0.9465646743774414
0.9461874961853027
0.9447866082191467
0.9468880295753479
0.9463464021682739
0.948082447052002
0.9447904229164124
0.9466895461082458
0.9464143514633179
0.9455864429473877
0.9469999074935913
0.9459476470947266
0.945761501789093
0.9453652501106262
0.9429337978363037
0.9456658363342285
0.9432801008224487
0.9450827240943909
0.945880651473999
0.9471748471260071
0.9452250599861145
0.9460716247558594
0.9459384679794312
0.9468308091163635
0.9486939907073975
0.9465748071670532
0.9455562233924866
0.9465794563293457
0.944772481918335
0.9452823996543884
0.9462456703186035
0.9465115666389465
0.9459747076034546
0.9457107186317444
0.9465034008026123
0.945810854434967
0.9452835321426392
0.9460031390190125
0.9453384280204773
0.9465566277503967
0.9440634250640869
0.9447013139724731
0.9442775845527649
0.9476879835128784
0.9452510476112366
0.9475323557853699
0.9482418894767761
0.9440083503723145
0.9439124464988708
0.9459938406944275
0.9447555541992188
0.945816159248352
0.9474571347236633
0.9468579888343811
0.9446797966957092
0.9453102946281433
0.9451645612716675
0.9470174312591553
0.9451940059661865
0.947294294834137
0.946773886680603
0.9460211992263794
0.9458953142166138
0.945807933807373
0.9456255435943604
0.9449399709701538
0.9464225769042969
0.9461585283279419
0.9456915259361267
0.9474547505378723
0.9460715651512146
0.9455832839012146
0.9471570253372192
0.9444815516471863
0.9451236128807068
0.9464654922485352
0.9473950266838074
0.9487625360488892
0.9475662708282471
0.9468101263046265
0.9456972479820251
0.9462468028068542
0.9454156160354614
0.9462196230888367
0.9477469325065613
0.9463557004928589
0.9454789161682129
0.9453869462013245
0.9456832408905029
0.9457768201828003
0.9465175867080688
0.9436998963356018
0.9460662603378296
0.9438723921775818
0.9465015530586243
0.9449277520179749
0.9464253783226013
0.9454858303070068
0.9461389183998108
0.9453614354133606
0.9449830055236816
0.9438982605934143
0.9462404847145081
0.9477857947349548
0.9459900259971619
0.9441757202148438
0.9466658234596252
0.9452487826347351
0.9458938241004944
0.9469559192657471
0.9502144455909729
0.944952130317688
0.9458153247833252
0.9463819265365601
0.9459019303321838
0.9451167583465576
0.9483614563941956
0.9464992880821228
0.9461414217948914
0.9455845952033997
0.9455200433731079
0.9475377798080444
0.9471328258514404
0.9465370774269104
0.9469490647315979
0.9469423294067383
0.944988489151001
0.9459521770477295
0.9457837343215942
0.9464409351348877
0.9463377594947815
0.9471248984336853
0.9442430734634399
0.9466943144798279
0.9489774107933044
0.9454966187477112
0.946858823299408
0.9449085593223572
0.9467131495475769
0.9458319544792175
0.946141242980957
0.9453117251396179
0.9463594555854797
0.9455220103263855
0.9446580410003662
0.9471536874771118
0.9443259239196777
0.9445408582687378
0.946452796459198
0.9452001452445984
0.944379985332489
0.9450729489326477
0.9458818435668945
0.9485805034637451
0.9459182620048523
0.9454262256622314
0.9465929269790649
0.9466617703437805
0.9453538060188293
0.9448697566986084
0.9465183019638062
0.9457204341888428
0.9454813599586487
0.946284830570221
0.9456812143325806
0.9460366368293762
0.946006715297699
0.9457072615623474
0.946227490901947
0.9444981813430786
0.9472852349281311
0.9446700811386108
0.9467708468437195
0.9462041854858398
0.9463586211204529
0.946307361125946
0.9454005360603333
0.9452856183052063
0.9454248547554016
0.9469718933105469
0.9444020986557007
0.9435908198356628
0.9453390836715698
0.9456876516342163
0.9464467167854309
0.9463163018226624
0.9449906945228577
0.9474252462387085
0.9473454356193542
0.9462264180183411
0.9459744691848755
0.9474617838859558
0.9441587924957275
0.946727454662323
0.9449013471603394
0.9456932544708252
0.9464543461799622
0.9457743763923645
0.9447362422943115
0.9443164467811584
0.9458498358726501
0.9464779496192932
0.9458405375480652
0.9456112384796143
0.9458408951759338
0.9472044706344604
0.9459495544433594
0.9455714225769043
0.9444013237953186
0.9465672373771667
0.9449881315231323
0.9449469447135925
0.9470989108085632
0.9464927315711975
0.9463812708854675
0.9462119340896606
0.9460842609405518
0.9456804990768433
0.9461606740951538
0.9465509653091431
0.9456143975257874
0.9466854333877563
0.946392834186554
0.9473397135734558
0.9448290467262268
0.9447914958000183
0.9471540451049805
0.9472780823707581
0.9452856183052063
0.9444319009780884
0.9456291198730469
0.9460766911506653
0.9452635645866394
0.9465673565864563
0.9445410370826721
0.9491347074508667
0.9436434507369995
0.9464510083198547
0.9454543590545654
0.946093738079071
0.9496535658836365
0.9459919333457947
0.9456765055656433
0.9451883435249329
0.9467212557792664
0.9465935230255127
0.9462581276893616
0.9441570043563843
0.9445358514785767
0.9447174072265625
0.9458235502243042
0.9464333057403564
0.9467067122459412
0.9466654658317566
0.9457377791404724
0.9459220767021179
0.9448334574699402
0.9457586407661438
0.9447293281555176
0.9466769695281982
0.9474610686302185
0.9454597234725952
0.9452930688858032
0.9472756385803223
0.9458867311477661
0.945298433303833
0.9484075903892517
0.9484643340110779
0.9458672404289246
0.9473084807395935
0.9486615657806396
0.9466440081596375
0.9454990029335022
0.9468157887458801
0.9465824961662292
0.9456273913383484
0.9457511305809021
0.9459995031356812
0.945047914981842
0.9448850750923157
0.9450322985649109
0.9446758031845093
0.9447760581970215
0.9478599429130554
0.9471293687820435
0.9454249143600464
0.9458831548690796
0.9459921717643738
0.9463376998901367
0.9452648162841797
0.9433491230010986
0.9443020820617676
0.9458122253417969
0.9462644457817078
0.9456939697265625
0.9466322660446167
0.9448777437210083
0.9448068737983704
0.9446779489517212
0.9497144222259521
0.9472382664680481
0.9472917914390564
0.945816695690155
0.9456552863121033
0.9454090595245361
0.9446064829826355
0.9442473649978638
0.9443162679672241
0.9445892572402954
0.9460423588752747
0.9447916746139526
0.9465533494949341
0.9456580877304077
0.9442651271820068
0.9454597234725952
0.9463147521018982
0.9471791386604309
0.9448826909065247
0.9474909901618958
0.9454919099807739
0.9481377601623535
0.9463524222373962
0.9455673694610596
0.9461209774017334
0.9451065063476562
0.9454512596130371
0.9441779255867004
0.9467278122901917
0.9461216330528259
0.9461127519607544
0.9486150145530701
0.9460856318473816
0.9462391138076782
0.9443931579589844
0.9450157880783081
0.9453287720680237
0.9453813433647156
0.9468112587928772
0.9463298916816711
0.9458188414573669
0.9457706212997437
0.9451186060905457
0.9465251564979553
0.9459900856018066
0.9449490904808044
0.9452370405197144
0.9455041289329529
0.9452441930770874
0.94644695520401
0.9449986219406128
0.9440714120864868
0.946018636226654
0.9451689124107361
0.9468073844909668
0.9440596699714661
0.945814311504364
0.9471073746681213
0.9444261789321899
0.944931149482727
0.9447636604309082
0.9455457925796509
0.9484517574310303
0.9465078115463257
0.9454106092453003
0.9469941258430481
0.9450806975364685
0.945216953754425
0.946671724319458
0.9451742768287659
0.946089506149292
0.9469427466392517
0.9459307193756104
0.9458133578300476
0.9453599452972412
0.9443331956863403
0.9449561834335327
0.9459465146064758
0.9453688859939575
0.9453529119491577
0.9459593892097473
0.9448813796043396
0.9458674788475037
0.9478609561920166
0.9494345784187317
0.9466193914413452
0.9456870555877686
0.9459590911865234
0.944797158241272
0.9449419379234314
0.9473184943199158
0.9463784694671631
0.9450202584266663
0.9452522993087769
0.94682377576828
0.944592297077179
0.9446380734443665
0.9488417506217957
0.9458019733428955
0.944614827632904
0.9459947347640991
0.9468205571174622
0.9452904462814331
0.9455875158309937
0.9464721083641052
0.9451047778129578
0.9450153112411499
0.9455187320709229
0.9464712142944336
0.945453405380249
0.9470432996749878
0.9458719491958618
0.9449582099914551
0.9454479217529297
0.9454442262649536
0.9448921084403992
0.9446903467178345
0.9480059146881104
0.9454972743988037
0.9455623626708984
0.9442826509475708
0.9470033049583435
0.9443197250366211
0.945175290107727
0.946415901184082
0.9441927671432495
0.9448686838150024
0.9470622539520264
0.9472110867500305
0.9455899000167847
0.9455408453941345
0.9481137990951538
0.9470357894897461
0.9459414482116699
0.9462655186653137
0.9456987380981445
0.9456003308296204
0.9458843469619751
0.9479123950004578
0.9479979872703552
0.9445319175720215
0.9460946321487427
0.9453821182250977
0.9450029134750366
