-0.002358029130846262
-0.002618488622829318
-0.002505867276340723
0.0027163084596395493
-0.0035021367948502302
-0.00407111132517457
0.0001489843416493386
-0.005079485941678286
6.637344631599262e-05
-0.0029717665165662766
-0.00012041809532092884
-0.003172699362039566
-0.0034769291523844004
-0.005892019718885422
0.0011982991127297282
-0.0046369340270757675
0.001867330982349813
-0.0030706922989338636
-0.0016976713668555021
-0.0005135720712132752
-0.0012806759914383292
-0.002864554990082979
0.0009240859071724117
0.0016080212080851197
-0.00258035771548748
-0.0019415124552324414
-0.0054115597158670425
-0.0008920193067751825
0.000863759545609355
-0.004967160988599062
-0.000776838103774935
0.0020038646180182695
2.2906662707100622e-05
-0.00655771791934967
-0.0013660984113812447
-0.007569055072963238
-0.0014112594071775675
-0.0007321271114051342
0.004076024517416954
-0.0028108840342611074
-0.0021461020223796368
-0.0034839066211134195
-0.0038584826979786158
-0.005360850598663092
-0.00248956261202693
-0.002101021120324731
0.0007228077156469226
-0.0008631696691736579
-0.0028275835793465376
-0.002076198346912861
0.002203719923272729
-0.0003433632373344153
0.000584627443458885
-0.0012364345602691174
-0.0032263791654258966
0.0016585026169195771
0.00011882483522640541
-0.002415661234408617
-0.0028764517046511173
-0.0011385203106328845
0.0005170509102754295
0.001791519345715642
-0.001828254433348775
-0.002600467996671796
