0.9402894973754883
0.9423198699951172
0.9555871486663818
0.9534326791763306
0.9326279163360596
0.9490069150924683
0.9450821280479431
0.944497287273407
0.9481588006019592
0.970970094203949
0.9364981651306152
0.9470693469047546
0.9468069076538086
0.9400437474250793
0.9408053755760193
0.9304701089859009
0.944298267364502
0.93964684009552
0.9415854811668396
0.9431697130203247
0.9433683156967163
0.9406598806381226
0.9473766684532166
0.9549919366836548
0.940574049949646
0.947599470615387
0.9426701664924622
0.9375904202461243
0.9470580220222473
0.9452978372573853
0.946028470993042
0.9390400648117065
0.9505554437637329
0.9350063800811768
0.9453440308570862
0.9366983771324158
0.9560257196426392
0.9433095455169678
0.947512149810791
0.9468929171562195
0.9506213665008545
0.9458908438682556
0.9348648190498352
0.9365965127944946
0.9454973340034485
0.9443323016166687
0.9491231441497803
0.9360514283180237
0.9460041522979736
0.9434076547622681
0.9434649348258972
0.9471322894096375
0.9475558400154114
0.944283127784729
0.9700940251350403
0.931107759475708
0.9497265815734863
0.9501236081123352
0.9454897046089172
0.9426348209381104
0.9474471807479858
0.956113874912262
0.9420707821846008
0.9395743012428284
