-0.0013076472096145153
-0.0013326549669727683
-0.0008849179721437395
-0.0030691204592585564
-0.004716805182397366
0.0008785279933363199
-0.0029101837426424026
-0.0027760739903897047
-0.002980696503072977
-0.0005238760495558381
-0.0011146111646667123
-0.002298433566465974
-0.0012509766966104507
-0.0005574717069976032
0.0010794677073135972
-0.0026814574375748634
0.001586755970492959
-0.0023265283089131117
-0.0015722662210464478
-0.0002742307842709124
-0.004851646721363068
-0.0021672954317182302
-0.0024539963342249393
-0.0024554829578846693
-0.003913179039955139
-0.003222451079636812
-4.015694139525294e-05
-0.0027474295347929
-0.0033206345979124308
-0.003782087005674839
-0.0019953458104282618
-0.002999313175678253
-0.001671939273364842
-0.0021587805822491646
-0.002051779767498374
-0.00015821827400941402
-0.001585585530847311
-0.0021739008370786905
-0.003546058898791671
-0.00019081147911492735
-0.0033765214029699564
-0.002099717268720269
-0.00036077824188396335
0.00017371478315908462
-0.002259929431602359
-0.0008318808977492154
-0.0037643322721123695
-0.0019733766093850136
-0.0027105717454105616
-0.0017662554746493697
-0.00023051824246067554
-0.0022557529155164957
-0.0007626063306815922
-0.0016077213222160935
-0.0013652887428179383
-7.207469752756879e-05
-0.001990601187571883
-0.00295999669469893
-0.0015665892278775573
-0.0002973794180434197
-0.0023559359833598137
-0.0016722200671210885
-0.002993581583723426
-0.002392219379544258
-0.0032299135345965624
-0.002843760419636965
-0.0031102688517421484
-0.00274658459238708
-0.0001213396608363837
0.00012322799011599272
-0.0002552162914071232
-0.000861014355905354
0.0008750379784032702
-0.0030742043163627386
-0.0023435591720044613
-0.003251505084335804
-0.0023805818054825068
-0.003367955796420574
-0.002991316607221961
-0.0005395171465352178
-0.0018987476360052824
-0.0023200390860438347
0.00014083609858062118
-0.0029316244181245565
0.002818785374984145
-0.0014549152692779899
-0.003388375276699662
-0.0005986070027574897
-0.0017892076866701245
-0.0010135606862604618
-0.0016290935454890132
-0.00044545516720972955
-0.00054695934522897
-0.0026234870310872793
-0.003666427219286561
-0.0011054219212383032
-0.002281196415424347
-0.0012450095964595675
3.247967470088042e-05
-0.0022333331871777773
-0.0010563354007899761
-0.0034526032395660877
-0.002045043045654893
-0.0023847240954637527
-0.0020724881906062365
-0.0033777160570025444
-0.0016851265681907535
-0.004301804583519697
-0.0007280982681550086
-7.362507312791422e-05
-0.004118373617529869
-0.0012535667046904564
-2.052023546639248e-06
-0.0021483730524778366
-0.000951794208958745
-0.00070861546555534
-0.0010454701259732246
-0.0028122696094214916
-0.00028869701782241464
-0.002027040347456932
-0.0011652740649878979
-0.0036198412999510765
-0.001515284995548427
-0.0040713208727538586
2.384025719948113e-05
-0.0019001067848876119
-0.0015619118930771947
-0.0020453876350075006
-0.003028522478416562
0.00020506521104834974
-0.002861868590116501
0.0009250152506865561
-0.002686227671802044
-0.0018712282180786133
-0.0029113986529409885
-0.0021496189292520285
-0.0011763626243919134
-0.0011088968021795154
-0.0014903531409800053
-0.0025224778801202774
-0.0017135821981355548
0.00022563872335013002
-0.0021396910306066275
-0.0007903589867055416
-0.0004424007493071258
-0.002791658276692033
-0.0025825186166912317
-0.0007829178357496858
-0.0022153060417622328
-0.0009641041397117078
6.44495667074807e-05
-0.0023341106716543436
-0.0020013952162116766
-0.0006213819142431021
-0.0013090884312987328
0.0016209181630983949
-0.0009030099608935416
-8.228456135839224e-05
-0.0025558758061379194
-0.0003219527716282755
-0.0007071088184602559
-0.0013487040996551514
-0.00424426281824708
0.0007830889080651104
-0.002456188900396228
-0.003309570951387286
-0.0002557705156505108
-0.0019860530737787485
-0.0014190536458045244
-0.00174385542050004
-0.0012660998618230224
-0.0022037376184016466
-0.001317076152190566
0.0002531421778257936
-0.0016218232922255993
-0.0032926995772868395
-0.0004426049126777798
-0.0006940790917724371
-0.0018832124769687653
0.0004193981585558504
-0.0026525529101490974
0.000557495339307934
-0.0001647874159971252
-0.0019043541979044676
-0.0014659608714282513
-0.00030175509164109826
-0.000646391068585217
-0.003110867226496339
-0.0007512001902796328
-0.002814648672938347
-0.0037581217475235462
-0.0017042596591636539
-0.0013414151035249233
-0.0016544171376153827
-0.001483979169279337
-0.00293329986743629
-0.001137642888352275
-0.0006019994034431875
-0.00262071774341166
-0.001431551412679255
0.0009101358591578901
-0.00029733628616668284
8.98238577065058e-05
-0.001738858874887228
-0.0014269243692979217
-0.003123089438304305
-0.001048022648319602
0.00012342695845291018
-0.0012261542724445462
-0.0015772506594657898
-0.0006145695806480944
-0.0016338130226358771
0.0004903627559542656
-0.0034932305570691824
-0.0014730619732290506
-0.0006657263729721308
-0.0008124517626129091
0.0002538121188990772
-0.0034666096325963736
-0.0010255491361021996
-0.004325966350734234
-0.00042198612936772406
-0.002103845588862896
-0.002676798729225993
-0.0015786743024364114
-0.001675535924732685
-0.002300635678693652
-0.0031413277611136436
-0.0004621816915459931
-0.003486066358163953
-0.002156383590772748
-0.00015657655603718013
-0.00014663170441053808
-0.004797283094376326
-0.002846763702109456
0.0006704606930725276
8.776831964496523e-05
-0.002167825121432543
-0.0010184183483943343
-0.0014261668547987938
-0.000729035644326359
-0.0016932443249970675
-0.0022093148436397314
-0.0011401985539123416
-0.0013171224854886532
-0.0035032029263675213
-0.0018319840310141444
-0.00047247210750356317
-0.0019443343626335263
0.0002877386286854744
0.0006563451024703681
-7.993626786628738e-05
-0.003791128983721137
-0.0019648766610771418
-0.0032984998542815447
-0.0005161433364264667
