-0.0005851716850884259
-0.0009012146620079875
-0.0011469132732599974
-0.0006453389651142061
-0.0007892327266745269
-0.0012140219332650304
-0.0004936882760375738
-0.0014810011489316821
-0.000970260298345238
-0.0015310117742046714
-0.0018465006723999977
-0.001283329096622765
-0.0007726476760581136
-0.0006148716202005744
-0.0006323737907223403
-0.0007359182927757502
-0.002139848191291094
-0.0007609123713336885
-0.000487444456666708
6.276513158809394e-05
-0.0007532464223913848
-0.0014668167568743229
-0.0006734682829119265
-0.0012944485060870647
-0.00114750349894166
-0.0016684872098267078
-0.0015678404597565532
-0.001257208175957203
-0.0009092846303246915
-0.0002004642883548513
-0.0018739246297627687
-0.000881947809830308
0.0003828706103377044
-0.001493654097430408
-0.00023004710965324193
-0.000926643842831254
0.00019569325377233326
-0.001432358636520803
-0.001200856757350266
-0.0015880167484283447
-0.0008123830775730312
-0.0013291985960677266
-0.0008352040313184261
-0.0015211374266073108
-0.0010665763402357697
-0.0008608599309809506
-0.0016775834374129772
-0.0006306899595074356
-2.3991819034563377e-05
-0.00047051042201928794
0.001803267514333129
-0.0007518188212998211
-0.0013252801727503538
5.827837958349846e-05
-0.0008028128067962825
-0.0002513160870876163
-0.0012831218773499131
-0.0009161236230283976
-0.0017216536216437817
-0.0010492075234651566
-0.0004991063615307212
-0.0008709788671694696
-0.0012651141732931137
-0.0010968513088300824
-0.0008041266119107604
-0.0013905040686950088
-0.0005154544487595558
-0.0022243044804781675
-0.0009577276068739593
-0.0010999861406162381
-0.001429145340807736
-0.0018625677330419421
-0.0012805061414837837
-0.0014323799405246973
-0.0015632350696250796
-0.0004185764119029045
-0.0018896149704232812
-0.00078586459858343
-0.0016482495702803135
-0.0015384318539872766
-0.001128281350247562
-0.0007057836628518999
-0.0014158764388412237
-0.001351259765215218
-0.0014504725113511086
-0.001406662748195231
-0.0015657899202778935
-0.0006975684664212167
-0.0020042082760483027
-0.0008494544308632612
-0.0008912573102861643
-0.0005175687838345766
-9.666583355283365e-05
-0.0009544880012981594
-0.0007938164635561407
-0.0004205032892059535
-0.0018443119479343295
-0.0011276163859292865
-0.0012684777611866593
-0.0008041724213398993
-0.0007301558507606387
-0.0011242075124755502
-0.0010517920600250363
-0.0015912300441414118
-0.0011937840608879924
-0.0008746931562200189
-0.00065055419690907
-0.0005644562770612538
-0.0013404135825112462
-0.0017695761052891612
-0.0004984294646419585
-0.0003215001488570124
-0.0010153691982850432
-0.00039557513082399964
-0.0008321861969307065
-0.0009940501768141985
-0.0010752506786957383
-0.001085789524950087
-0.0008749936241656542
-0.0004386660293675959
-0.002235415857285261
-0.0014895863132551312
-0.0009721043170429766
-0.0017976203234866261
-0.000918016885407269
-0.0010582023533061147
-0.00038800822221674025
-0.001536656985990703
-0.0013963975943624973
-0.0006260580266825855
-0.0014835010515525937
-0.00019757688278332353
-0.0009628081461414695
-0.0011389961000531912
-0.0007178699015639722
-0.0012276637135073543
-0.0010202467674389482
-0.0016196714714169502
-0.0012175069423392415
-0.00070169847458601
-0.0003750068717636168
-0.0008520034607499838
-0.0007050380809232593
-0.0006599949556402862
-5.8470126532483846e-05
-0.0016143752727657557
-0.002185627119615674
-0.0010735034011304379
0.0006628455594182014
-0.00125257414765656
-0.000361601822078228
-0.0004355576238594949
-0.0006004807073622942
-0.00013826378562953323
-0.0011778308544307947
-0.001028619590215385
-0.0013058003969490528
-0.0005890003521926701
-0.0010948929702863097
-0.0007529481663368642
-0.0012029019417241216
-0.0009747248841449618
-0.0010122101521119475
-0.0016611581668257713
-0.0020503730047494173
-0.0006134459981694818
-0.0006600739434361458
-0.0006534085259772837
-0.0008094718214124441
-0.001978866057470441
-0.0006176702445372939
-0.0014426126144826412
-0.0008782986551523209
-0.0003634127788245678
-0.0014157610712572932
-0.0010036301100626588
-0.0010333298705518246
-0.0005001339595764875
-0.00205042352899909
0.000506256939843297
-0.0013832059921696782
-0.0012881121365353465
-0.00037229942972771823
-0.0004865402588620782
-0.0007286850595846772
-0.0012278021313250065
-0.00013321616279426962
-0.0011175256222486496
-0.0017158278496935964
-0.0014197926502674818
-0.0013374787522479892
-0.0006908836076036096
-0.0008748482796363533
-0.0012503889156505466
-0.0006258447538129985
-0.0010658756364136934
-0.0012298144865781069
-0.0006656561745330691
-0.00028025516076013446
-0.000470506667625159
-0.0012413171352818608
-0.0015091218519955873
-0.0008891963516362011
-0.0014539873227477074
-0.0004639569961000234
-0.0013812723336741328
-0.0007451660931110382
-0.0012364712310954928
-0.0007186130387708545
-0.0017024596454575658
-0.0011674673296511173
-0.00019002266344614327
-0.0011962746502831578
-0.0009223591769114137
-0.0017038866644725204
-0.0012990075629204512
-0.0014032471226528287
-0.001323213567957282
-0.0008635448757559061
-0.0014135565143078566
-0.001281490083783865
-0.0017668623477220535
-0.0009188966359943151
-0.0008396063349209726
-0.0003953408740926534
-0.0007172305486164987
-0.0014637355925515294
-0.0010843006893992424
-0.00045442453119903803
-0.0010395486606284976
-0.001511557842604816
-0.00042072453652508557
-0.0011175434337928891
-0.0013770416844636202
0.00010395202843938023
0.00043056398862972856
-0.0008547600591555238
-0.00041137938387691975
-0.0013397029833868146
-0.0006483439938165247
0.000478248402941972
-0.0016044970834627748
-0.0008140670252032578
-0.0011004756670445204
-0.00046795219532214105
-0.0013431500410661101
-0.0013599192025139928
-0.0007488613482564688
-0.0014749817783012986
-0.001288972795009613
-0.0006882274756208062
-0.0007801142055541277
-0.0014418349601328373
-0.0005173577228561044
-0.001327147358097136
-0.0008752135909162462
-0.001286139595322311
0.00039357540663331747
-0.0006909141084179282
-0.0005047685117460787
-0.0012501192977651954
-0.0008885566494427621
-0.0012838735710829496
-0.0011070590699091554
-0.001747625065036118
-0.0008731556590646505
-0.0014955786755308509
-0.0001636172237340361
-0.000448513135779649
-0.00024864741135388613
-0.0009103494230657816
-0.0009703938849270344
-0.0008263944764621556
-0.0017506296280771494
-0.0010247642640024424
-0.000952382804825902
-0.0009913371177390218
-0.0012864209711551666
-0.0016633213963359594
-4.933793024974875e-05
-0.0009156869491562247
-0.0016458668978884816
-0.0018188564572483301
-0.0015276053454726934
-0.0001374765415675938
-0.0011055761715397239
-0.0006573847495019436
-0.0005422317772172391
-0.0002727792307268828
-6.0709840909112245e-05
-0.00024988086079247296
-0.0018607116071507335
-0.0009620372438803315
-0.0013255415251478553
-0.0008011413156054914
-0.0007364536286331713
-0.0014642401365563273
-0.000682723883073777
-0.0012846472673118114
-0.00019209014135412872
-0.001618599402718246
-0.00046358208055607975
-0.0014527244493365288
0.0001999154919758439
-0.0016545089893043041
-0.0003787877503782511
-0.0015018131816759706
-0.0014044904382899404
-0.0012069467920809984
0.00040343700675293803
-0.0014470132300630212
-0.0006584395887330174
-0.0010743795428425074
-0.0011984483571723104
-0.0013320458820089698
-0.00149721116758883
-0.0008797478512860835
-0.0007654707878828049
-0.0006739595555700362
-0.0011716471053659916
-0.00024016739916987717
-0.00022461640764959157
-0.0012374649522826076
-0.0017175140092149377
-0.0015565338544547558
-0.0012618873734027147
-0.0001826346415327862
-0.0011848274152725935
-0.0009487762581557035
0.0004876814200542867
-0.0009072721004486084
-0.0010582474060356617
-0.000977113377302885
-0.0013148793950676918
-0.001339404727332294
-0.0018856956157833338
-0.0009022299782373011
-0.0015921579906716943
-0.00028373891836963594
-0.0010616012150421739
-0.001020056544803083
-0.0009423458832316101
-0.0004006812523584813
-0.00043383397860452533
-0.0014336470048874617
-0.0009597523603588343
-0.0009383975411765277
-0.0013298657722771168
-0.0006406946922652423
-0.002432284178212285
-0.0010250145569443703
-0.00198884354904294
3.0419270842685364e-05
-0.0011630486696958542
-0.0015011195791885257
-0.0014569498598575592
-0.0012843605363741517
-0.00046006342745386064
-0.0013380068121477962
-0.0008424548432230949
-0.0011531388154253364
-0.0010573134059086442
-0.00019699301628861576
-0.0009249562863260508
-0.001013615052215755
-0.0012375026708468795
-0.0014437525533139706
-0.0013469295809045434
-0.0009232742595486343
-0.0010941859800368547
-0.0009547167574055493
-0.0008062915876507759
-0.0008439739467576146
-0.0019157734932377934
-2.7268658868706552e-06
-0.0013760027941316366
-0.00015385144797619432
-0.0027922061271965504
0.00046097798622213304
-0.0019297546241432428
-0.0014100853586569428
-0.001825143932364881
-0.0006907004280947149
-0.0010671921772882342
-0.0013583588879555464
-0.001509175286628306
-0.0011196902487426996
-0.0015040652360767126
-0.0009597548632882535
-0.0013469026889652014
-0.0009825244778767228
-0.0009472634410485625
-0.0013899197801947594
-0.0003745107096619904
-0.0005221069441176951
-0.0009456576080992818
-0.001316686044447124
-0.0003349771723151207
-0.0011978332186117768
-0.001941520138643682
-0.0007366184727288783
-0.0007729577482677996
-0.0013370823580771685
-0.0013599465601146221
-0.0013262066058814526
-0.000851823075208813
7.374974666163325e-05
-0.0014432319439947605
-0.000985794235020876
-0.0009979500900954008
-0.000763893942348659
-0.0009748180746100843
-0.0005529025220312178
-0.0018627692479640245
-0.0007084573153406382
-0.000610989227425307
-0.0014336641179397702
-0.0001356095017399639
-0.0013699796982109547
-0.0016420991159975529
-0.0016200444661080837
-0.0003331649350002408
-0.0005182216409593821
-0.0014634074177592993
-0.0004909107810817659
-0.0007967191049829125
-0.0011343182995915413
-0.000580873223952949
-0.0014981458662077785
-0.0014974453952163458
-0.0008577942498959601
-0.00047788608935661614
-0.0017664972692728043
-0.0017776916502043605
-0.00046973180724307895
-0.0008336846367456019
-0.0007298015407286584
-0.001849978812970221
-0.0006751829641871154
-7.341409946093336e-05
-0.0012658087071031332
-0.0009827122557908297
-0.0009396779350936413
-0.0009662040392868221
-0.0007493034354411066
-0.0006937289144843817
-0.001958039589226246
-0.0003747101582121104
-0.0012842173455283046
-0.00030642739147879183
-0.0013195102801546454
-0.001001437078230083
-0.0011891453759744763
-0.0012305647833272815
-0.0005515135126188397
-0.0005899168318137527
-0.0005047321901656687
-0.002152759814634919
7.98707187641412e-05
-0.0006518541486002505
-0.0010047476971521974
-0.001524715917184949
-0.0008864635601639748
-0.0006589603726752102
-0.0010065993992611766
-0.0017920442624017596
-0.0011790114222094417
-0.0013570840237662196
-0.0004388995876070112
-0.0013838398735970259
-0.0015967409126460552
-0.0013153805630281568
-0.0013021406484767795
-0.0007341932505369186
-0.0024912708904594183
-0.0010652298806235194
-0.0015192844439297915
-0.0015201889909803867
-0.0004811141698155552
-0.0011260805185884237
-0.0019051815615966916
-0.0012981509789824486
-0.0005229020025581121
-0.001066225697286427
-0.001302502234466374
-0.0013705096207559109
-0.0005756377940997481
-0.0012780677061527967
-0.0012597828172147274
-0.0011851912131533027
-0.0009349631727673113
-0.0016444595530629158
-0.002379855141043663
-0.0020061556715518236
-0.0011486675357446074
-0.0007197408704087138
-0.001657154061831534
-0.0005784468958154321
-0.0008537080720998347
-0.0011947785969823599
-0.0018188568064942956
-0.00014012816245667636
-0.0003799562982749194
-0.0014519327087327838
-0.0005838709766976535
-0.00045071548083797097
-0.0007514989702031016
-0.001168649410828948
-0.0013755931286141276
-0.0010390024399384856
-0.00022786213958170265
-0.0007552681490778923
