0.9475646615028381
0.9341515898704529
0.9388527274131775
0.9530874490737915
0.9537748098373413
0.9436905384063721
0.9432548880577087
0.9448142647743225
0.9483807682991028
0.9454799890518188
0.9526042342185974
0.9386245012283325
0.9449185729026794
0.9403984546661377
0.948599636554718
0.9508213996887207
0.9419538378715515
0.9466384649276733
0.9401528239250183
0.9477148056030273
0.938551664352417
0.9489690065383911
0.9461457133293152
0.9464079737663269
0.9491695165634155
0.9400818347930908
0.9427814483642578
0.9427079558372498
0.9535817503929138
0.9460623860359192
0.9402632117271423
0.9505318403244019
0.943136990070343
0.9448606967926025
0.9458280801773071
0.9451393485069275
0.9451004862785339
0.9416326284408569
0.9463413953781128
0.9410029053688049
0.9423969984054565
0.9446729421615601
0.9397551417350769
0.9464928507804871
0.9398838877677917
0.9393977522850037
0.9439335465431213
0.9405360221862793
0.9329894185066223
0.9429648518562317
0.95303875207901
0.9439980983734131
0.9425226449966431
0.9404519200325012
0.940803050994873
0.9485631585121155
0.947328507900238
0.9435365200042725
0.9441489577293396
0.9436300992965698
0.9431714415550232
0.9447020888328552
0.9357612729072571
0.9483044743537903
