1.001708984375
1.0014922618865967
0.993016242980957
0.9990148544311523
1.0007693767547607
1.001032829284668
0.9988900423049927
1.0004171133041382
0.9956716895103455
0.9996087551116943
1.0019587278366089
0.9982229471206665
1.000702142715454
1.0017307996749878
1.00192391872406
0.9993563294410706
1.0016146898269653
1.000857949256897
0.9964047074317932
0.9958992600440979
0.9995064735412598
0.9973104000091553
1.0055146217346191
0.9928466081619263
1.0007256269454956
1.0015617609024048
1.001734733581543
0.9993671178817749
0.9983265399932861
0.997970461845398
0.9997460246086121
0.9999920129776001
1.000469446182251
1.0025391578674316
1.001570701599121
0.999906599521637
0.996724009513855
0.9967930316925049
0.9973517656326294
1.0005544424057007
0.99358069896698
0.9966338872909546
0.9969800710678101
1.0015982389450073
0.9975777864456177
1.0040777921676636
0.9948952794075012
0.9980289936065674
0.9990760684013367
0.9997711181640625
1.0003774166107178
0.9988765716552734
0.9988871812820435
1.0022871494293213
0.9987156391143799
1.0017026662826538
0.9945498704910278
0.9977673292160034
1.0017273426055908
0.9970924854278564
1.0005561113357544
0.9989951848983765
1.00154447555542
0.998362123966217
0.9945646524429321
0.9985479116439819
0.9972853660583496
0.9989320635795593
1.0018428564071655
1.001305341720581
0.9969376921653748
1.003109097480774
1.00177001953125
0.9995414614677429
1.0004686117172241
0.9996482133865356
0.9971192479133606
0.9992998242378235
1.0008786916732788
0.9999757409095764
0.9983536601066589
0.9992178678512573
1.0029925107955933
0.9993911385536194
1.0019348859786987
0.9960157871246338
1.0000487565994263
1.0010279417037964
0.9986022710800171
0.9988591074943542
0.9981213808059692
1.002142310142517
0.9967484474182129
1.005311369895935
0.9960728883743286
0.9985365867614746
0.9955236315727234
1.0048651695251465
0.9989835023880005
0.9991732835769653
0.9983664751052856
1.0012058019638062
0.9993619918823242
1.0024516582489014
0.9979745149612427
0.9967725276947021
1.0013983249664307
0.9976620078086853
1.0032134056091309
1.0017045736312866
1.0005422830581665
0.9958672523498535
0.9958781599998474
0.9982476234436035
0.998893678188324
1.001449704170227
0.9995470643043518
0.9978404641151428
0.9993242025375366
0.9933430552482605
0.9975410103797913
0.9965971112251282
1.0007985830307007
1.0030401945114136
1.0031596422195435
0.9978231191635132
0.9967910647392273
0.9985688924789429
1.00077486038208
1.0013713836669922
0.998508095741272
1.0022261142730713
0.9995362758636475
1.0006712675094604
0.9979809522628784
0.9972158074378967
1.000494122505188
0.9985148310661316
1.002630591392517
1.0002497434616089
0.9976734519004822
1.0029051303863525
1.0013715028762817
1.0013213157653809
1.001845359802246
0.9923208951950073
0.995344877243042
0.9975768327713013
0.9953138828277588
1.0052742958068848
1.003190517425537
0.9985594749450684
0.997488796710968
0.9985228776931763
0.9991644024848938
0.9978598356246948
1.0035587549209595
1.0025413036346436
1.0003162622451782
0.9980040788650513
1.0004404783248901
0.9978582859039307
0.9971577525138855
0.9985663890838623
0.9970192909240723
1.0015404224395752
1.000563144683838
0.9984056353569031
0.998414933681488
0.9974849820137024
0.9954438805580139
1.0001174211502075
0.9986606240272522
0.9984714388847351
1.002829909324646
1.0000289678573608
0.9976146221160889
0.9985677599906921
1.002131462097168
0.9995679259300232
1.00059974193573
0.9981376528739929
1.0002491474151611
1.0043423175811768
0.9988088011741638
0.9983674883842468
0.9991040229797363
0.9979367256164551
1.000259280204773
1.0014837980270386
0.9991304874420166
0.9994596838951111
0.9998558759689331
0.9988057613372803
1.003554105758667
0.9974363446235657
0.9984108805656433
0.9996654391288757
0.9991893768310547
1.001582145690918
0.9993818402290344
0.997647762298584
1.0002412796020508
0.9962103962898254
1.0075944662094116
0.9982855916023254
0.997282087802887
0.9999440312385559
1.0002613067626953
0.9926403164863586
0.9988225102424622
1.0000927448272705
1.0026808977127075
0.9988447427749634
0.9997337460517883
0.9975854158401489
1.0015136003494263
0.9982582330703735
1.0023454427719116
0.9994616508483887
0.9990348815917969
0.9981873035430908
0.9994306564331055
0.9981561303138733
0.9988831877708435
1.0007895231246948
1.0042144060134888
0.9976431727409363
0.9976186752319336
1.002744197845459
0.9982424378395081
1.000327706336975
0.9975007176399231
0.997137725353241
1.0002849102020264
0.9993026256561279
1.0006119012832642
0.9993549585342407
0.9992195963859558
0.9983563423156738
1.0040481090545654
1.0018113851547241
1.0003395080566406
0.9987159967422485
0.9999500513076782
0.9980252981185913
1.0008001327514648
0.997732400894165
1.0036183595657349
0.9991154074668884
0.9992519617080688
0.9989282488822937
0.9982126355171204
0.9992131590843201
1.0002230405807495
1.0027272701263428
