0.9933751225471497
0.9979140162467957
1.0032877922058105
1.0013359785079956
0.9989279508590698
0.9973552823066711
1.0029466152191162
1.002252459526062
0.9934729933738708
0.9986794590950012
1.0006424188613892
1.0001994371414185
0.996736466884613
0.9905521273612976
1.0091005563735962
0.9979912042617798
0.995547890663147
0.9997467994689941
0.9959844946861267
1.0001776218414307
1.001330852508545
0.9998313188552856
0.9992773532867432
0.994948148727417
1.0002713203430176
0.9995513558387756
0.9995712041854858
1.0051391124725342
0.9999978542327881
0.9979457259178162
0.998245358467102
1.0005074739456177
0.9996089339256287
0.9993319511413574
0.9978467226028442
1.0019646883010864
0.9954342842102051
0.9997392296791077
0.9972130060195923
1.0049406290054321
0.9972330331802368
0.9952782988548279
0.9920123815536499
0.9971238970756531
0.9955881834030151
0.9952175617218018
1.0030168294906616
1.0004360675811768
0.995059609413147
0.9978744387626648
0.9986481070518494
0.9956085085868835
0.9904537796974182
0.9988806247711182
1.0088093280792236
1.0073821544647217
0.9999586343765259
1.0018147230148315
0.9962384700775146
1.0022640228271484
0.9999940991401672
1.0040209293365479
0.9998665452003479
0.9927706122398376
0.9974104762077332
1.0004327297210693
1.003424048423767
0.9943111538887024
0.9991231560707092
0.999363362789154
0.9970288276672363
0.9982505440711975
1.001348853111267
0.9998694658279419
0.9985724091529846
0.9958723187446594
1.0031423568725586
0.9968369603157043
1.0040968656539917
0.9963034987449646
1.0001565217971802
1.0026997327804565
0.999555230140686
0.9956005811691284
0.9959716200828552
0.9983389973640442
0.9980658888816833
0.9979886412620544
0.9952952861785889
1.0005600452423096
0.9985547661781311
0.9953911900520325
0.9981300830841064
0.9985004663467407
0.9990637302398682
0.9996598958969116
0.9940720796585083
0.9962899684906006
1.005871295928955
1.0000423192977905
0.9920265078544617
0.9937967658042908
1.0020290613174438
1.0014171600341797
1.0014041662216187
0.9971469044685364
0.9932821989059448
0.9982636570930481
0.9992602467536926
0.995715320110321
0.9993637204170227
1.0011427402496338
0.9994352459907532
0.9983928799629211
0.9985798001289368
0.9968247413635254
0.998359203338623
0.997710108757019
0.9960473775863647
0.9966350793838501
1.0011343955993652
0.9989073872566223
0.9992708563804626
0.9934431910514832
0.9974482655525208
0.9966391921043396
0.9963175654411316
0.9998587369918823
