0.9986377954483032
1.0011258125305176
1.0033113956451416
1.0015122890472412
1.003069281578064
1.0034080743789673
0.9988706111907959
0.9979299306869507
1.0016766786575317
1.0003379583358765
0.9975627660751343
1.001584768295288
0.9989103674888611
1.0002307891845703
1.0045862197875977
0.9984453916549683
0.9990086555480957
0.9977484345436096
1.0024771690368652
1.0038834810256958
1.0027517080307007
0.9972085952758789
0.997757613658905
1.0044134855270386
0.9990584254264832
1.0093722343444824
0.9976150989532471
0.9973419308662415
1.0030522346496582
0.9992281198501587
1.0017900466918945
1.0015002489089966
0.998258650302887
0.99965500831604
0.9979379773139954
0.998132586479187
1.0078794956207275
0.9970420002937317
0.9980744123458862
1.001711130142212
1.0029641389846802
0.9978991150856018
1.0022826194763184
1.0068161487579346
0.9981001019477844
0.9978033900260925
0.9990402460098267
0.999369740486145
0.9972482323646545
1.0003856420516968
0.9974456429481506
1.0065068006515503
0.9985224604606628
0.9983299374580383
1.003641963005066
0.9983251094818115
0.9982637166976929
0.9976114630699158
1.0021296739578247
1.010269045829773
0.9978235960006714
1.002418875694275
0.997540295124054
1.0021247863769531
1.0031871795654297
1.001694679260254
0.9997427463531494
1.0006505250930786
0.9973911046981812
0.9992495179176331
1.000312328338623
0.9983547329902649
0.9985625147819519
0.9981297254562378
1.0081068277359009
0.9983361959457397
1.0042273998260498
1.0015254020690918
0.9987797737121582
0.9967169761657715
0.9975935220718384
0.9993796944618225
0.9997701048851013
1.0025901794433594
1.0030797719955444
0.9972912669181824
0.9990717768669128
1.0010643005371094
0.9983314275741577
0.9989830851554871
0.9984254240989685
1.003373146057129
0.9997485876083374
1.0002626180648804
1.0023488998413086
1.000511884689331
0.9996604323387146
0.9991330504417419
0.9976319670677185
1.002401351928711
0.998053252696991
0.9998306632041931
0.9998318552970886
0.9990686178207397
0.9986866116523743
0.9977971315383911
0.9971765279769897
0.9995841383934021
0.9979223012924194
0.9972991943359375
0.9999515414237976
0.9987207651138306
0.9958460927009583
1.0003069639205933
0.9996067881584167
0.9973613619804382
1.0023263692855835
1.003775954246521
1.0057297945022583
1.001222014427185
0.9994795918464661
1.0018121004104614
0.997826099395752
0.9976711869239807
1.00016188621521
0.998727560043335
0.997673749923706
1.0050346851348877
0.9998893737792969
1.0075457096099854
1.003778100013733
0.9965402483940125
0.9996809363365173
1.0015560388565063
1.0039541721343994
1.0012404918670654
1.0008476972579956
0.9968879222869873
0.9993690252304077
0.9975150227546692
1.0015655755996704
0.9989780187606812
1.0015841722488403
0.9985119700431824
0.9999585747718811
1.0014827251434326
1.0002654790878296
1.0006473064422607
1.0001133680343628
0.9989534020423889
1.0011464357376099
0.9975175261497498
1.0061111450195312
0.9995484352111816
1.0053901672363281
1.0002670288085938
0.9998947381973267
1.0013493299484253
1.003481388092041
0.9979504346847534
1.0005455017089844
1.0012321472167969
0.9986918568611145
0.9987015724182129
0.9997662305831909
1.0030078887939453
0.9991752505302429
1.0157933235168457
0.9991713762283325
0.9996358156204224
0.9972180128097534
0.9983581900596619
1.0004079341888428
1.0029850006103516
0.9985179901123047
1.0015459060668945
0.9991125464439392
0.9974420070648193
0.9995144009590149
1.0037076473236084
0.9984005093574524
1.0015634298324585
0.9986909627914429
1.0015528202056885
1.0017834901809692
1.0007526874542236
0.9996711015701294
1.0057482719421387
1.001928687095642
1.0074944496154785
0.999889075756073
1.0002436637878418
0.9987138509750366
0.9972452521324158
0.9993748068809509
0.9979394674301147
0.9983381628990173
1.000763177871704
1.0003591775894165
0.9998599290847778
1.0007585287094116
0.9982753396034241
1.0017054080963135
0.9989572167396545
0.9990720748901367
0.9999197125434875
0.9978898763656616
1.001629114151001
0.997604250907898
1.002271056175232
1.0031485557556152
0.9996331334114075
0.997439444065094
0.9982758164405823
0.9989331960678101
1.0012528896331787
1.0021731853485107
0.9984607100486755
0.9982295632362366
0.9981018304824829
0.9978348612785339
1.0005561113357544
1.0007041692733765
0.999141275882721
1.0022157430648804
0.9984649419784546
1.0023432970046997
0.9985755681991577
0.997044563293457
0.9974014759063721
0.9990065097808838
0.9976971745491028
0.999407172203064
1.0020216703414917
0.9997389316558838
1.0000135898590088
1.0044376850128174
1.0008277893066406
0.9975085854530334
0.997779130935669
0.9997010827064514
0.9993386268615723
1.0003583431243896
0.9987228512763977
0.9974054098129272
1.0018415451049805
1.0013335943222046
0.9981421828269958
0.9977651238441467
1.0002468824386597
0.9985710382461548
0.9974339008331299
1.0043041706085205
1.0030125379562378
0.9966898560523987
1.0001906156539917
1.0012873411178589
1.0015641450881958
0.9990760087966919
1.0054872035980225
0.9969353079795837
0.9970729351043701
1.007675290107727
0.9998376965522766
0.9988040924072266
1.0025789737701416
1.000646710395813
1.0002965927124023
1.0039491653442383
0.997814416885376
0.9976500868797302
0.9994388222694397
0.9960557818412781
1.0005820989608765
1.0004442930221558
0.9981558322906494
1.0020780563354492
0.9995058178901672
0.9984204173088074
1.0020629167556763
1.006941556930542
0.9992550015449524
1.0010167360305786
0.9989365339279175
0.9952406287193298
0.9986845850944519
1.0007500648498535
0.9984491467475891
0.9998698830604553
0.9989756941795349
1.0017467737197876
0.9989856481552124
0.9975542426109314
0.9975219964981079
1.0059982538223267
1.0005725622177124
0.9977688193321228
0.9987083673477173
0.9980016946792603
1.0004359483718872
0.9980990886688232
0.998734176158905
0.9970555305480957
0.997532069683075
0.9980915784835815
0.9995152950286865
0.9991800785064697
0.9969320297241211
1.0008844137191772
1.0007013082504272
0.9996393322944641
1.0029051303863525
0.9993507266044617
1.0026904344558716
0.9984307289123535
0.9997609853744507
1.0009008646011353
1.0028408765792847
0.9975642561912537
0.9993608593940735
1.0012662410736084
0.9970686435699463
1.002966284751892
0.9983620047569275
1.0027281045913696
0.9977644681930542
0.9967413544654846
1.0009305477142334
0.9983990788459778
0.9998863339424133
0.9987409710884094
0.9999328255653381
1.0007652044296265
0.9992091059684753
1.0006821155548096
0.9987778663635254
1.0016204118728638
1.0074639320373535
0.9986570477485657
0.9977098703384399
1.0000858306884766
1.001817226409912
0.9995482563972473
1.002246379852295
0.9986371994018555
0.9967734813690186
1.002145528793335
1.0008667707443237
0.9980659484863281
0.9976039528846741
0.9959032535552979
1.0010594129562378
1.002261996269226
0.9964779019355774
0.9968538284301758
0.9974350333213806
0.9990654587745667
1.0013279914855957
0.9974550008773804
0.998353898525238
0.9970977902412415
0.9989572167396545
1.0044660568237305
0.9991307258605957
0.9988731741905212
0.9972879886627197
1.003661036491394
0.9983516931533813
0.9973007440567017
0.9998553395271301
0.9999304413795471
0.9995583891868591
1.000920057296753
0.9971648454666138
0.9976798892021179
0.997148871421814
0.999466061592102
0.9985247850418091
1.0012797117233276
0.9984050393104553
1.01011061668396
0.9992163181304932
1.001074194908142
0.9989389777183533
1.0027068853378296
0.9971836805343628
0.9991814494132996
0.9982484579086304
0.9965181350708008
0.999577522277832
1.0006523132324219
1.0027722120285034
1.0006951093673706
0.9984087347984314
0.9991256594657898
0.9976664781570435
0.997960090637207
0.9964345097541809
1.0018099546432495
0.9960716366767883
0.9982534646987915
0.9983018040657043
0.9956512451171875
0.9987165927886963
1.0023363828659058
0.9996693730354309
0.9969674944877625
1.0033596754074097
0.9988215565681458
0.9981166124343872
0.9965900182723999
1.0023971796035767
1.001497507095337
0.9981408715248108
0.9991656541824341
1.0010632276535034
0.9991413354873657
0.9987807869911194
0.9977152943611145
0.9993240833282471
1.0000195503234863
0.99786376953125
0.9969456791877747
1.000771164894104
0.9967401623725891
0.9986493587493896
1.0059313774108887
1.0001273155212402
1.0005484819412231
0.9982175827026367
1.003355860710144
1.000818133354187
0.9979192018508911
1.0022257566452026
0.9973844885826111
0.9984438419342041
1.0014986991882324
1.0014641284942627
1.0006263256072998
1.0003646612167358
1.0003259181976318
0.9971358776092529
0.9980273842811584
1.0135266780853271
1.000306248664856
0.9996020197868347
0.9994959235191345
1.0015968084335327
0.9993764758110046
0.9979597330093384
0.9986951351165771
1.0003082752227783
0.9982514381408691
0.9981777667999268
0.998210072517395
0.999721109867096
0.9986610412597656
0.997584342956543
0.9968889355659485
0.9977661371231079
1.0080841779708862
0.9989756345748901
0.9985008835792542
0.9987028241157532
0.9983370900154114
0.9990819692611694
0.9982523322105408
0.9996352791786194
0.9992117881774902
1.0003830194473267
0.9996023774147034
0.9981117844581604
0.9976497888565063
0.9994715452194214
1.0056854486465454
1.003743290901184
0.9981980919837952
1.0003297328948975
0.9994609355926514
0.9995021224021912
0.9987789988517761
1.000248908996582
1.0014386177062988
1.0018364191055298
0.9990359544754028
0.9973286986351013
1.005324125289917
0.9966486096382141
0.9988279938697815
0.9977147579193115
1.0000836849212646
1.0020198822021484
1.0001206398010254
1.0014337301254272
1.0023224353790283
0.9978727698326111
1.0026906728744507
0.9983641505241394
0.9983862042427063
1.001192569732666
1.000240445137024
1.0029733180999756
0.9991008043289185
0.9996038675308228
0.998691201210022
1.0035645961761475
1.0007413625717163
0.9995723366737366
1.0031559467315674
0.9983384013175964
0.9982661604881287
0.9988496899604797
