0.9475345015525818
0.9482012987136841
0.9482587575912476
0.9476077556610107
0.9457062482833862
0.9478325843811035
0.9472933411598206
0.9477178454399109
0.9468554258346558
0.9467200636863708
0.947465717792511
0.9465224742889404
0.9485118389129639
0.9483771920204163
0.945942759513855
0.9479905366897583
0.9474424123764038
0.9484167695045471
0.9467417597770691
0.946852445602417
0.9459874629974365
0.9463667273521423
0.9489656686782837
0.9488292336463928
0.9465780854225159
0.9478128552436829
0.9485978484153748
0.9497125744819641
0.9469816088676453
0.9449245929718018
0.9464519023895264
0.9468673467636108
0.9482948184013367
0.9456129670143127
0.9455755949020386
0.9460471272468567
0.9446884989738464
0.946099042892456
0.945858895778656
0.9489403963088989
0.9471511244773865
0.9460767507553101
0.9466435313224792
0.9477096796035767
0.9459120035171509
0.9473325610160828
0.9464327692985535
0.9455772638320923
0.9471823573112488
0.9500834345817566
0.9452425837516785
0.9456967711448669
0.9456392526626587
0.9517397284507751
0.9502794146537781
0.9462487697601318
0.9483649134635925
0.9465399980545044
0.9451799988746643
0.9465396404266357
0.9462365508079529
0.9477871060371399
0.9467532634735107
0.9472379088401794
0.9471569657325745
0.9456456303596497
0.9480502009391785
0.9468262195587158
0.948188304901123
0.9525303840637207
0.9459851384162903
0.9485512971878052
0.9460234045982361
0.9468257427215576
0.9483742713928223
0.9459441900253296
0.9488666653633118
0.9469928741455078
0.9461377263069153
0.9477913975715637
0.9531509876251221
0.9487507343292236
0.9468461275100708
0.9469580054283142
0.9470706582069397
0.9450803399085999
0.9479721188545227
0.9474160075187683
0.9459630846977234
0.9477142095565796
0.9511740207672119
0.9476017355918884
0.9454052448272705
0.9461613297462463
0.9474983811378479
0.9467530846595764
0.94918292760849
0.9477917551994324
0.9461329579353333
0.9465295672416687
0.9471972584724426
0.9488611221313477
0.9480682015419006
0.9474223852157593
0.9476216435432434
0.9461146593093872
0.9465306997299194
0.9488441348075867
0.9467998147010803
0.9477297067642212
0.9484362006187439
0.9453449249267578
0.9476531744003296
0.9488669037818909
0.9496740102767944
0.9451608061790466
0.9469541311264038
0.9477062225341797
0.9449399709701538
0.9460563659667969
0.9477413892745972
0.9457724690437317
0.9465333819389343
0.9472978711128235
0.9473493695259094
0.9469486474990845
0.9484970569610596
0.9464420080184937
0.9469293355941772
0.9501279592514038
0.9505553841590881
0.9498263597488403
0.9471404552459717
0.9479661583900452
0.9465564489364624
0.9454026222229004
0.9488912224769592
0.9449515342712402
0.9517417550086975
0.9465219378471375
0.9460490345954895
0.9467729330062866
0.9483234882354736
0.9460774064064026
0.9490950107574463
0.9463717341423035
0.9486117959022522
0.9465383291244507
0.9477134346961975
0.9459872245788574
0.9469041228294373
0.9463593363761902
0.9464403390884399
0.9453789591789246
0.946651816368103
0.9457272887229919
0.9479870200157166
0.9471397399902344
0.950008749961853
0.9478294253349304
0.9478439092636108
0.9473477602005005
0.9514164328575134
0.9466235637664795
0.9465237855911255
0.9494675397872925
0.9458843469619751
0.9469342827796936
0.9462551474571228
0.9485433101654053
0.9467861652374268
0.9482103586196899
0.9469545483589172
0.9468250870704651
0.9467116594314575
0.9463631510734558
0.945814311504364
0.9453702569007874
0.9450874328613281
0.9479885697364807
0.9480392336845398
0.9477053284645081
0.9475309252738953
0.9469345211982727
0.9458486437797546
0.9498476982116699
0.9464272260665894
0.9475013017654419
0.9492173790931702
0.948733389377594
0.9468091726303101
0.9467559456825256
0.9489325284957886
0.9484503269195557
0.9487299919128418
0.9463517665863037
0.9492647051811218
0.9467548131942749
0.9461024403572083
0.9449472427368164
0.9465087652206421
0.9472957849502563
0.9476490020751953
0.9457466006278992
0.9464823007583618
0.9485723376274109
0.9464266300201416
0.948519766330719
0.9477373361587524
0.9470119476318359
0.9459086656570435
0.9453471302986145
0.9472910165786743
0.948580265045166
0.9489926099777222
0.9486348032951355
0.9459747672080994
0.9468712210655212
0.9492682218551636
0.9459486603736877
0.9465922713279724
0.948076069355011
0.9477066397666931
0.9452394843101501
0.9455977082252502
0.9470731019973755
0.947118878364563
0.9456932544708252
0.9484925866127014
0.9465008974075317
0.9473039507865906
0.9480348825454712
0.9505600929260254
0.9462010860443115
0.9463563561439514
0.946370005607605
0.9478105902671814
0.9467188715934753
0.9477592706680298
0.9450405836105347
0.9449845552444458
0.947597086429596
0.9483861327171326
0.9468684196472168
0.9454320669174194
0.9461935758590698
0.9476760029792786
0.9467700719833374
0.9454156756401062
0.9471805095672607
0.9462238550186157
0.9467254281044006
0.9463323950767517
0.9457628130912781
0.9476633071899414
0.9463866949081421
0.9485433101654053
0.9471997618675232
0.9497825503349304
0.9481093883514404
0.947721004486084
0.9460880160331726
0.9474820494651794
0.9468454718589783
0.9507007002830505
0.9501585364341736
0.9464735388755798
0.9477516412734985
0.9488469958305359
0.9480940103530884
0.946340024471283
0.9461370706558228
0.9494602680206299
0.9454922676086426
0.9469696879386902
0.9466571807861328
0.9453831911087036
0.9508294463157654
0.9468309879302979
0.9459889531135559
0.9469651579856873
0.9459850192070007
0.9459388256072998
0.9475131630897522
0.947242021560669
0.9475914835929871
0.9466664791107178
0.9462575912475586
0.94986492395401
0.9492022395133972
0.9477208852767944
0.9486526846885681
0.9490078091621399
0.9468613266944885
0.9480021595954895
0.9460991621017456
0.9464111328125
0.946821391582489
0.9478059411048889
0.9465828537940979
0.9480962753295898
0.9499397277832031
0.9465208649635315
0.9483840465545654
0.9479784965515137
0.9457745552062988
0.9473428130149841
0.9465718865394592
0.9458670616149902
0.949924111366272
0.9508810043334961
0.9480624794960022
0.9464344382286072
0.9472765326499939
0.9481502771377563
0.9462746977806091
0.9468564987182617
0.9476493000984192
0.948039174079895
0.9466730952262878
0.9466235041618347
0.946712076663971
0.9476071000099182
0.9480527639389038
0.9461660981178284
0.9523290991783142
0.9473016262054443
0.9462531805038452
0.9467315673828125
0.946735680103302
0.9489937424659729
0.9470512866973877
0.9461991190910339
0.9466849565505981
0.9470376968383789
0.9477803111076355
0.9477047920227051
0.9471048712730408
0.949097752571106
0.9479256868362427
0.9468587040901184
0.9457841515541077
0.9476966857910156
0.9473409056663513
0.9463813304901123
0.9457592368125916
0.9474061131477356
0.9499266147613525
0.9465011954307556
0.9501693248748779
0.9470440745353699
0.9460076093673706
0.9472790360450745
0.9457467198371887
0.9460415244102478
0.9461849927902222
0.947166919708252
0.9458209872245789
0.947389543056488
0.9479468464851379
0.9467815160751343
0.9475865364074707
0.9476659297943115
0.9478539228439331
0.9484819769859314
0.9484025835990906
0.9464462399482727
0.9476837515830994
0.9464379549026489
0.9463787078857422
0.9487136006355286
0.9466081857681274
0.9454453587532043
0.9448257088661194
0.9496071934700012
0.9489601254463196
0.9476476907730103
0.9464274644851685
0.9504846930503845
0.9474903345108032
0.9482327103614807
0.9482176303863525
0.9460662007331848
0.9486793875694275
0.9472196698188782
0.9472021460533142
0.9464421272277832
0.9490218162536621
0.9485452175140381
0.9461475014686584
0.9447951316833496
0.947480320930481
0.948427677154541
0.9471068382263184
0.9473106265068054
0.9486384987831116
0.9453403949737549
0.9468672275543213
0.9472475051879883
0.94680255651474
0.9459306597709656
0.9478112459182739
0.9483939409255981
0.948307454586029
0.9513272047042847
0.9467968940734863
0.9467708468437195
0.9481140971183777
0.9496780633926392
0.9459813237190247
0.9456082582473755
0.9472616314888
0.947289228439331
0.9464826583862305
0.9472267627716064
0.9461640119552612
0.9496499300003052
0.9455990791320801
0.9455090761184692
0.9480045437812805
0.946323037147522
0.9459056854248047
0.9474312663078308
0.9459176063537598
0.9491902589797974
0.9490019679069519
0.9472387433052063
0.9486982822418213
0.9477943778038025
0.945891261100769
0.9513735771179199
0.9454167485237122
0.9472533464431763
0.9486616253852844
0.945838987827301
0.9452657103538513
0.9455059766769409
0.9470389485359192
0.946501612663269
0.946524441242218
0.9477952122688293
0.9485649466514587
0.9483792185783386
0.9505253434181213
0.9461370706558228
0.9457177519798279
0.9466198682785034
0.946027398109436
0.9473857879638672
0.9503564238548279
0.9462428092956543
0.9467528462409973
0.9480300545692444
0.9462778568267822
0.9497133493423462
0.9459467530250549
0.9467108249664307
0.9501006603240967
0.9526675939559937
0.9469435214996338
0.9496607780456543
0.9475813508033752
0.9502573609352112
0.9487300515174866
0.9459428191184998
0.9506821036338806
0.9465892910957336
0.9472448825836182
0.9500084519386292
0.9481244087219238
0.9517629742622375
0.94810551404953
0.9494417309761047
0.948706865310669
0.9463514685630798
0.9455578923225403
0.9460474848747253
0.948775053024292
0.9463949799537659
0.9461063146591187
0.9483709335327148
0.94699627161026
0.9458144307136536
0.9457988739013672
0.9465016722679138
0.9481703042984009
0.9465789794921875
0.9466857314109802
0.9495854377746582
0.947501003742218
0.9462398886680603
0.9462387561798096
0.9461686611175537
0.9461429715156555
0.9489805102348328
0.9481959342956543
0.9470406770706177
0.9474519491195679
0.9467306137084961
0.9468703269958496
0.9459033608436584
0.9485020041465759
0.9463611841201782
0.946950376033783
0.9460670948028564
0.9474931955337524
0.9471240639686584
0.9500827789306641
0.9456314444541931
0.9465368390083313
0.9462705850601196
0.9473589658737183
