-0.004480546806007624
-0.0028675890062004328
-0.0038470737636089325
0.000200495109311305
-0.0037510807160288095
-0.005446414463222027
-0.0012614383595064282
-0.002814079634845257
-0.002337407087907195
-0.0021511248778551817
-0.006306951865553856
-0.0016919184708967805
-0.0017639708239585161
-0.004863996524363756
-0.004548940807580948
-0.0016870148247107863
-0.0026355257723480463
-0.0009360548574477434
-0.0015430625062435865
-0.0009180061751976609
-0.003595111658796668
-0.004256335087120533
-0.0004383777850307524
-0.004682157188653946
-0.004206872545182705
0.0006861533038318157
0.0004911706782877445
0.00044127105502411723
-0.002142158569768071
-0.00624548364430666
0.0002761754731182009
-0.003678781446069479
-0.002754520159214735
0.0015296639176085591
-0.00023127930762711912
-0.0010230188490822911
-0.002912631258368492
0.0014357754262164235
0.0003188217233400792
0.002331223338842392
0.002518649911507964
-0.003071409882977605
-0.003855467075482011
-0.005060485564172268
-0.00033457332756370306
0.001768538961187005
-0.002456349553540349
-0.0016657219966873527
-0.002417834708467126
-0.0039473632350564
-0.0018472019582986832
0.000537022075150162
-0.004915851168334484
-0.0005319822812452912
-0.0059821875765919685
0.00035406433744356036
-0.004658314865082502
9.787720773601905e-05
-0.0021389303728938103
-0.0022652638144791126
-0.001368468045257032
-0.006649965886026621
-0.001925980788655579
-0.001298573799431324
-0.003238641656935215
-0.002486980753019452
-0.0004494277236517519
-0.0034557811450213194
0.0003493859840091318
-0.0013206631410866976
-0.001579246367327869
-0.003957043401896954
-0.0013415022986009717
-0.001368722994811833
-0.0020491546019911766
0.0003600164782255888
0.0005965859745629132
-0.001081069465726614
-0.004197141621261835
-0.0036190184764564037
-0.0001613949571037665
-0.003638966241851449
-0.0004322881577536464
-0.0005814735195599496
0.0011807327391579747
0.0017610947834327817
-0.0011513258796185255
-0.003384500276297331
-0.001697159488685429
0.0011237093713134527
-0.003588019870221615
-4.1380593756912276e-05
-0.005821619648486376
-0.0017163477605208755
-0.001967156771570444
-0.003164864145219326
-0.005152448546141386
-0.0037661329843103886
0.0031543488148599863
-0.0024861139245331287
-0.0007897780160419643
-0.007174448575824499
-0.0007960802759043872
-0.004857657011598349
-0.0021498361602425575
-0.002190033672377467
-0.003377933520823717
-0.00217477441765368
0.0013791280798614025
-0.005205961875617504
0.0008647495997138321
0.0003375517262611538
-0.005344416480511427
-0.004945260938256979
-0.00144200399518013
0.0003542304039001465
-0.002138938754796982
-0.004246152937412262
-0.00247369147837162
-0.0033794688060879707
0.0018916692351922393
-0.003970675636082888
-0.0012069533113390207
-0.0024818263482302427
-0.0023925970308482647
-0.0038278272841125727
-0.003137730062007904
-0.0026641730219125748
