-0.0018895585089921951
-0.0055085173808038235
-0.00458080880343914
-0.0031683838460594416
-0.0033348314464092255
0.0013739883434027433
-0.0014104570727795362
-0.0014413646422326565
-0.0020410376600921154
-0.00203992729075253
-0.0009515690035186708
-0.00024618537281639874
-0.0018325955606997013
-0.002076580189168453
-0.0037813433445990086
-0.002915371907874942
-0.00023069446615409106
-0.0037385905161499977
-0.0026420624926686287
-0.002642156323418021
-0.0002706055238377303
0.0002389762521488592
-0.0005074259242974222
-0.002950505819171667
-0.001956436550244689
-5.96025274717249e-05
-0.0010805283673107624
-0.0018565605860203505
-0.002518764231353998
-0.0007164575508795679
-0.0014294219436123967
0.001515120267868042
-0.002202247502282262
-0.0026446653064340353
0.00023537216475233436
-0.002068847883492708
-0.0002017789229284972
-0.001966979121789336
-0.004274403676390648
-0.0028824247419834137
-0.0028478424064815044
-0.0017074266215786338
-0.003203542670235038
-0.0012139951577410102
-0.00033683606307022274
-0.0013776137493550777
-0.0036154454573988914
-0.0037005541380494833
-0.002039610641077161
-0.00212379009462893
-0.002646826673299074
-0.0010578702203929424
-0.0003256041673012078
-0.002029756084084511
-0.001301804673857987
-0.0020395745523273945
-0.0007018379401415586
-0.0013421032344922423
-0.0026021923404186964
-0.0020003775134682655
-0.004715598654001951
-0.001652439241297543
-0.0018013149965554476
-0.0017323408974334598
-0.0017436292255297303
-0.002984582679346204
-0.002622025553137064
-0.0007216306985355914
-0.0031935255974531174
-0.001195390010252595
-0.002049006288871169
-0.0008434724295511842
-0.002753213979303837
-0.0018252651207149029
7.43661294109188e-05
0.0005939629045315087
-0.0023432730231434107
-0.0013619241071864963
-0.0028775411192327738
-0.0018620963674038649
-0.0027844419237226248
-0.0027036909013986588
-0.0034251364413648844
-0.00033652997808530927
-0.0011475490173324943
-0.0010297767585143447
-0.0014542527496814728
-0.0022237247321754694
-0.002990810666233301
-0.005234971642494202
-0.0033020670525729656
-0.0018591932021081448
-0.0029688633512705564
-0.00153709901496768
-0.0028818093705922365
-0.0013265794841572642
-0.004097276832908392
-0.003649365622550249
-0.003398729721084237
-0.0015256197657436132
-0.0045486935414373875
-0.003238574368879199
-0.003756101243197918
-0.003915652632713318
-0.0005618324503302574
-0.002138999756425619
-0.0017515774816274643
-0.00091361696831882
-0.0011086580343544483
-0.003892508801072836
-0.0016143667744472623
-0.002383324084803462
-0.005109800025820732
-0.0029909464064985514
-0.003019747557118535
-0.002348606940358877
-0.0007576817879453301
-0.0018586390651762486
-0.0023918417282402515
-0.0018410609336569905
-0.0019297191174700856
-0.002578883431851864
-0.003353447187691927
-0.0026686026249080896
-0.0031573825981467962
-0.0006764181889593601
-0.001481292536482215
-0.003263808088377118
-0.0013564378023147583
-0.0026432566810399294
-0.0025704274885356426
-0.0018337633227929473
-0.0022489200346171856
-0.0025026791263371706
-1.4760714293515775e-05
-0.0018457183614373207
-0.00017065036809071898
-0.0021388214081525803
-0.004118508193641901
-0.0007568086148239672
-0.00335904024541378
-0.003264467464759946
-0.0018392550991848111
-0.0023282039910554886
-0.0033888278994709253
-0.0003404111776035279
-0.002608331385999918
-0.00180131068918854
-0.004091931972652674
-0.001482481136918068
-0.0020863651297986507
-0.001977591309696436
-0.0014864833792671561
-0.0008474439382553101
-0.0030819610692560673
-0.0026392636355012655
-0.0009952470427379012
-0.00368896103464067
-0.001048180041834712
-0.0013547611888498068
-0.000892322976142168
-0.00192803714890033
-0.0012772723566740751
-0.0012939039152115583
-0.0077613298781216145
-0.0015612384304404259
-0.0016643618000671268
-0.003599794814363122
-0.004052499774843454
-0.002868706826120615
-0.003174998564645648
-0.0034861969761550426
-0.004196096211671829
-0.0011810557916760445
-0.00239728600718081
-0.003662521718069911
-0.003682634560391307
-0.0012622849317267537
-0.0025152224116027355
-0.0035725312773138285
-0.0007425154326483607
-0.0016667770687490702
-0.001420371700078249
-0.003272992093116045
-0.0018656023312360048
-0.004072918556630611
-0.0028575239703059196
-0.0009332257905043662
-0.0017748281825333834
-0.001393820159137249
-0.0030162835028022528
-0.0021996721625328064
-0.0016787319909781218
-0.0010237133828923106
-0.0022390340454876423
-0.0013915490126237273
-0.0021714253816753626
-0.002241385169327259
-0.002776371082291007
-0.0010023246286436915
-0.001722848042845726
-0.0033718666527420282
-0.002409188309684396
-0.0021539158187806606
-0.0025287922471761703
-0.0031993251759558916
-0.0008915356593206525
-0.0019464788492769003
-2.9885180993005633e-05
-0.0038972296752035618
-0.0020960348192602396
-0.0032775052823126316
-0.0034456599969416857
-0.004066964145749807
-0.002452090149745345
-0.0009345354628749192
-0.0014080307446420193
-0.0020130202174186707
-0.0009669109131209552
-0.0040745907463133335
-0.002115603070706129
-0.0018725916743278503
-0.0014451700262725353
-0.0002475821238476783
-0.0014675237471237779
-0.0025368949864059687
-0.0017372291767969728
-0.0005863563856109977
-0.0021621868945658207
-0.0022081166971474886
-0.0039169262163341045
-0.002607012400403619
-0.0020101864356547594
-0.0021486820187419653
-0.002379275858402252
-0.0016971114091575146
-0.005084272474050522
-0.0012038666754961014
-0.0013877488672733307
-0.0011584257008507848
-0.0021061913575977087
-0.0019338908605277538
-0.0008283303468488157
-0.0010407877853140235
-0.002116396324709058
-0.003980733919888735
-0.0022705483715981245
-0.0016929242992773652
-0.0011522743152454495
-0.0017417101189494133
-0.0037122443318367004
-0.0027520330622792244
-0.002494528889656067
-0.0029061308596283197
-0.0008299608598463237
-0.003128472715616226
