0.954214870929718
0.9427467584609985
0.9450098872184753
0.9458317756652832
0.9453294277191162
0.9456719756126404
0.9464418888092041
0.9441859722137451
0.9449802041053772
0.9398142099380493
0.9490024447441101
0.9406026005744934
0.9478124976158142
0.9485732913017273
0.9469783902168274
0.9429038166999817
0.9455486536026001
0.9445839524269104
0.9520351886749268
0.9409089684486389
0.9464803338050842
0.950049102306366
0.9438595175743103
0.945952832698822
0.9386061429977417
0.9498485922813416
0.9499790668487549
0.9484741687774658
0.9483766555786133
0.9469866752624512
0.9426449537277222
0.950545608997345
0.9536438584327698
0.9584596157073975
0.9491235613822937
0.9419881105422974
0.9501789808273315
0.9459706544876099
0.940541684627533
0.9443612098693848
0.9436261057853699
0.9385688304901123
0.94687819480896
0.9527592062950134
0.9454009532928467
0.9531523585319519
0.9428480267524719
0.9480201005935669
0.9428215026855469
0.9421570301055908
0.950469970703125
0.9468331933021545
0.9452210664749146
0.9423248767852783
0.9418867230415344
0.9425631165504456
0.9459416270256042
0.9366655349731445
0.9419010877609253
0.9501109719276428
0.9457541108131409
0.9439918398857117
0.9409611225128174
0.9473952054977417
