0.9489386677742004
0.9467798471450806
0.9451503157615662
0.9470376372337341
0.9456971287727356
0.9476271271705627
0.9440783858299255
0.9454978108406067
0.9455671906471252
0.9436220526695251
0.944451093673706
0.9445340633392334
0.9450240731239319
0.948958694934845
0.9492312669754028
0.9457166790962219
0.946675181388855
0.9437943696975708
0.9438032507896423
0.9452419877052307
0.9472620487213135
0.9440903663635254
0.9452439546585083
0.9431342482566833
0.942694365978241
0.9478810429573059
0.9475884437561035
0.943607747554779
0.9452955722808838
0.9467153549194336
0.9437257051467896
0.9458462595939636
0.9452477097511292
0.9446110725402832
0.9452071189880371
0.9468692541122437
0.9462836980819702
0.9460465312004089
0.9461172223091125
0.9470586180686951
0.9465873837471008
0.9468697309494019
0.9452939033508301
0.9449963569641113
0.9473713040351868
0.9458098411560059
0.9465375542640686
0.9467894434928894
0.943242073059082
0.9477600455284119
0.947163462638855
0.9461379051208496
0.9442709684371948
0.9469626545906067
0.9488065838813782
0.9422164559364319
0.9450819492340088
0.9447868466377258
0.9461312890052795
0.9457664489746094
0.9458895325660706
0.9467692971229553
0.9442110657691956
0.9478276371955872
0.9470393061637878
0.9432862997055054
0.9461812973022461
0.9471875429153442
0.9468152523040771
0.9466044902801514
0.9453670978546143
0.9493563175201416
0.9506770372390747
0.9429854154586792
0.9466645121574402
0.9456223249435425
0.9470973610877991
0.944772481918335
0.9454416036605835
0.9455511569976807
0.9460153579711914
0.9449917674064636
0.9484813213348389
0.9470272064208984
0.9459865093231201
0.9471599459648132
0.9479413032531738
0.9431478381156921
0.9451424479484558
0.9464268088340759
0.9473803639411926
0.9429251551628113
0.9433092474937439
0.942070484161377
0.945023238658905
0.9479117393493652
0.9460739493370056
0.9501428008079529
0.9453694224357605
0.9449853301048279
0.9444338083267212
0.9449211359024048
0.9519662261009216
0.9503821730613708
0.9472449421882629
0.9441666007041931
0.9493159651756287
0.9471964240074158
0.9441861510276794
0.9439166784286499
0.9450802206993103
0.9472900032997131
0.944789469242096
0.9449787139892578
0.9432522058486938
0.9444276690483093
0.9485365152359009
0.946315348148346
0.9479684233665466
0.9464889764785767
0.9472863078117371
0.9453409910202026
0.9457912445068359
0.9440849423408508
0.9462891817092896
0.9447821378707886
0.9453153014183044
0.9470557570457458
0.9437727928161621
0.9463968873023987
0.9442877769470215
0.9462234973907471
0.9465152621269226
0.9450452327728271
0.94767826795578
0.9419798254966736
0.9474151134490967
0.9470140933990479
0.9464151263237
0.9467228651046753
0.9466874003410339
0.9447713494300842
0.9448588490486145
0.9440793395042419
0.9452128410339355
0.9458788633346558
0.9494367837905884
0.9450711607933044
0.94501131772995
0.9455041289329529
0.9475252032279968
0.9451649188995361
0.9474299550056458
0.9456079602241516
0.9472474455833435
0.9442452192306519
0.9476906657218933
0.9482892155647278
0.9453173875808716
0.9464693665504456
0.9459914565086365
0.9474698901176453
0.9481810331344604
0.9459789395332336
0.9429861903190613
0.9453305006027222
0.9475265741348267
0.9464896321296692
0.9425989389419556
0.9444024562835693
0.9440168142318726
0.9476072788238525
0.9482405781745911
0.9473118782043457
0.9423176646232605
0.9430638551712036
0.9448192715644836
0.9421576261520386
0.9472264647483826
0.9491173624992371
0.9500376582145691
0.9438996911048889
0.9468424320220947
0.9453908801078796
0.9445163607597351
0.9485194087028503
0.9447163939476013
0.9449232220649719
0.9462985992431641
0.9493826627731323
0.9456122517585754
0.9478757977485657
0.9476075172424316
0.9461367130279541
0.9458078742027283
0.9467626214027405
0.9429084062576294
0.9462889432907104
0.945886492729187
0.9456735849380493
0.9441480040550232
0.9457263350486755
0.946286678314209
0.9461761713027954
0.9448333382606506
0.946937084197998
0.9468535780906677
0.944953978061676
0.9452700018882751
0.947538435459137
0.9467357397079468
0.9433045983314514
0.9436427354812622
0.949230968952179
0.9477378129959106
0.946200430393219
0.9448320865631104
0.9438562989234924
0.9448793530464172
0.9472182989120483
0.9448680877685547
0.9446233510971069
0.944290816783905
0.9442636966705322
0.9434523582458496
0.9450489282608032
0.9450890421867371
0.9457717537879944
0.9458733797073364
0.9459109902381897
0.9498401880264282
0.9486823081970215
0.9446386694908142
0.9447374939918518
0.9461127519607544
0.9449506402015686
0.9465734958648682
0.9458897709846497
0.9485856890678406
0.9461967349052429
0.9436475038528442
0.9442577362060547
0.9434066414833069
0.9453921318054199
0.9445597529411316
0.9431078433990479
0.9434476494789124
0.9493392705917358
0.9476193189620972
0.9466317892074585
0.9442808628082275
0.9464917182922363
0.9468154311180115
0.9453256130218506
0.9441909790039062
0.9515186548233032
