0.9434456825256348
0.9462000131607056
0.946652889251709
0.9463491439819336
0.9444637894630432
0.9467806220054626
0.9465261101722717
0.946549117565155
0.9450893998146057
0.9487091898918152
0.9479455947875977
0.9435768723487854
0.9463659524917603
0.9472466111183167
0.9497357606887817
0.9452514052391052
0.9466449022293091
0.9480524063110352
0.9461399912834167
0.9438779950141907
0.9457389712333679
0.9453272223472595
0.9428640604019165
0.9458615779876709
0.947189211845398
0.948086678981781
0.9482460618019104
0.9461732506752014
0.9431674480438232
0.9427921175956726
0.9519941806793213
0.9416787028312683
0.9478940367698669
0.9460234045982361
0.9456157088279724
0.9449374079704285
0.9478058815002441
0.9474920630455017
0.9439302682876587
0.9468480348587036
0.9481533765792847
0.9462693929672241
0.9447137117385864
0.9435629844665527
0.9469500780105591
0.9451100826263428
0.944089412689209
0.9448974132537842
0.9472881555557251
0.9504437446594238
0.9425480365753174
0.9432167410850525
0.9463030695915222
0.9482288360595703
0.9467542767524719
0.9509087800979614
0.9431912899017334
0.9453883171081543
0.9495021104812622
0.9494664072990417
0.943920910358429
0.942345917224884
0.9490478038787842
0.9445755481719971
0.9456545114517212
0.943880558013916
0.9446936249732971
0.9471458792686462
0.9466168284416199
0.9476805329322815
0.9451894164085388
0.9481173753738403
0.9448069334030151
0.9468141198158264
0.9444792866706848
0.9474779963493347
0.9455812573432922
0.9513988494873047
0.9457341432571411
0.9434134364128113
0.9469074010848999
0.9468241333961487
0.9446088671684265
0.9429440498352051
0.948661744594574
0.9436100125312805
0.9457996487617493
0.9467723965644836
0.9470134973526001
0.946707010269165
0.9458194971084595
0.944976270198822
0.9446119070053101
0.9452499747276306
0.9460854530334473
0.9443868398666382
0.9458671808242798
0.9460153579711914
0.9450281262397766
0.9463835954666138
0.9439281225204468
0.9479062557220459
0.9475814700126648
0.9465508460998535
0.9452640414237976
0.9433786869049072
0.9473353028297424
0.9446594715118408
0.944823682308197
0.9498082995414734
0.9432135820388794
0.9460161924362183
0.9490604996681213
0.9433070421218872
0.9478650093078613
0.9458590745925903
0.9473360180854797
0.9432460069656372
0.9443910121917725
0.9467194676399231
0.9430657625198364
0.945536732673645
0.9478593468666077
0.945923924446106
0.9468320608139038
0.9474265575408936
0.9413076043128967
0.9444639086723328
