-0.003468564711511135
-0.0041739242151379585
-0.001175158773548901
-0.0015300000086426735
0.00021509063662961125
-0.001728781615383923
-0.002066187094897032
-0.0021458761766552925
-0.0027799513190984726
-0.0023761072661727667
-0.0005838185315951705
-0.0011551670031622052
0.0018132576951757073
-0.00017244961054529995
-0.0009222638909704983
-0.0008145687752403319
-0.0016447874950245023
-0.0028976660687476397
-0.001635606400668621
-0.0014139876002445817
-0.004068349022418261
-0.0013074834132567048
-0.0008379478240385652
-0.0015987317310646176
-0.002104111248627305
-0.0014885826967656612
-0.0008694503339938819
-0.0020725231152027845
-0.0009483640315011144
1.763448744895868e-05
0.001053664251230657
-0.0026416622567921877
-0.0033148457296192646
-0.002584436908364296
-0.0014006998389959335
0.0007164701819419861
-0.0012120140017941594
-0.004302963614463806
-0.003638479160144925
-0.002052627271041274
-0.0014673452824354172
-0.0012284661643207073
-0.0019118316704407334
0.00012558221351355314
-0.0017502247355878353
-0.003358236514031887
-0.00013303692685440183
-0.002717068186029792
0.0018853635992854834
-0.003682260401546955
-0.0029601382557302713
-0.002718799514696002
-0.0013902430655434728
-0.002284979447722435
-0.00264093279838562
-0.002915392629802227
0.00047995185013860464
-0.00032550093601457775
-0.0011360844364389777
-0.0010691239731386304
0.0001874798908829689
-0.0006154499715194106
-0.0015082309255376458
-0.002018464496359229
-0.0032724326010793447
-0.001593858003616333
0.00014689919771626592
-0.0019155789632350206
0.0014392189914360642
-0.0016063704388216138
-0.0010156863136216998
-0.0016531511209905148
0.00019444187637418509
-0.002279523992910981
-0.001477561891078949
-0.001334675936959684
-0.0018411780474707484
-0.0033613506238907576
-0.0005997614935040474
-0.0021348611917346716
0.0011919288663193583
-0.0013691362692043185
-0.0017927613807842135
-0.003139287466183305
-0.001017542788758874
-0.0022243736311793327
0.0018833708018064499
-0.0005177839775569737
-0.0006719745579175651
-0.0034511080011725426
-3.0812658224022016e-05
-0.0017238878645002842
-0.0022124135866761208
-0.0014177884440869093
-0.0020888380240648985
-0.0019606275018304586
-0.0007568734581582248
0.0005510678747668862
-0.003684394294396043
-0.001025490928441286
-0.0024890927597880363
0.0007928275736048818
-0.0010355229023844004
-0.002486634301021695
-0.002371407812461257
0.0005410196608863771
-0.000548040377907455
-0.0024804368149489164
-0.0009053437388502061
-0.001699808519333601
-0.004224363714456558
-0.003167630871757865
-0.003519487101584673
-0.0023808269761502743
-0.004471671301871538
-0.0021622355561703444
-0.002131435787305236
-0.0008195627597160637
0.0009076243732124567
0.0002274210419273004
0.0013467870885506272
-0.004432095214724541
8.492483902955428e-05
-0.002987910993397236
-0.00042169837979599833
-0.0002293355209985748
-0.0028652024921029806
-0.003962510731071234
-0.0039380439557135105
0.0010002247290685773
-0.0027355344500392675
-0.0013604137348011136
0.0015916654374450445
-0.003431175136938691
-0.0016732016811147332
-0.0033811957109719515
-0.0033263922668993473
-0.0010283703450113535
-0.0031438032165169716
-0.0046762567944824696
0.001196175580844283
-0.002298922510817647
-0.0018296551425009966
-0.004279857035726309
-0.0017240762244910002
-0.0025576232001185417
0.0004036843602079898
-0.003391528269276023
-0.0004623992135748267
-0.0018686698749661446
-0.002508845878764987
-0.0036109788343310356
-0.004102879203855991
0.0006569719407707453
-0.0014931297628208995
0.0019099873024970293
0.001158005092293024
0.0015775469364598393
-0.001686879782937467
-0.0031387258786708117
-0.0021169462706893682
-0.0023931206669658422
-0.002801440889015794
-0.0013006275985389948
-0.0012358815874904394
-0.0019923809450119734
-0.0028046262450516224
-0.0025262944400310516
-0.002104537095874548
-0.00081104866694659
-0.000701006967574358
-0.0023269534576684237
-0.0018057115375995636
-0.0015659311320632696
-0.0008046062430366874
-0.0009012318914756179
-0.0028344623278826475
-0.00034948851680383086
-0.0007709350320510566
-0.0006743534468114376
-0.0007045795791782439
-0.001167420414276421
-0.00018351952894590795
0.000869548472110182
-0.0018053234089165926
-0.0007359760929830372
-0.0011922698467969894
-0.0029109639581292868
-0.0003835197421722114
-0.00026597329997457564
-0.002597641432657838
-0.0007480299682356417
-0.002163730561733246
-0.004854906816035509
-5.98703081777785e-05
-0.0004252262006048113
-0.0037303706631064415
-0.0012613157741725445
-0.0028472207486629486
-0.0025195402558892965
-0.001192897791042924
-0.0017507979646325111
-0.00030035042436793447
-0.001961734378710389
-0.00010727733751991764
-0.0008473728667013347
-0.0032555453944951296
-0.0015033612726256251
-0.0022248628083616495
-0.002446508966386318
0.0012670081341639161
-0.0006320363027043641
0.001343152136541903
-0.0035550990141928196
0.0012300063390284777
-0.0010327270720154047
-0.0021826615557074547
-0.001909930957481265
-0.0001286720362259075
-0.001984842587262392
-0.002313618315383792
-0.002138462383300066
-0.00019288720795884728
-0.00019625276036094874
-0.002530524041503668
-0.0025365729816257954
-0.0003015002585016191
-0.004916157107800245
0.0002324702072655782
0.0020579255651682615
-0.0013449597172439098
-0.0032429907005280256
-0.0031298319809138775
-0.0001648425532039255
-0.00367086473852396
-0.002826129551976919
-0.0011667734943330288
-0.0025373599492013454
-0.003764662193134427
0.0008889076416380703
-0.0015135286375880241
-8.206230268115178e-05
-0.0019632275216281414
-0.0029874404426664114
-0.0006419814308173954
6.378653779393062e-05
-0.003992973826825619
-0.0029397313483059406
-0.0034544409718364477
-0.0018034587847068906
-0.0011381549993529916
0.0006384050357155502
-0.0008860810776241124
-0.0019545548129826784
-0.0018982250476256013
-0.00033546911436133087
