-0.00292115262709558
-0.003022820223122835
-0.002906567882746458
-0.0020080727990716696
-0.000220201225602068
-0.002828676952049136
-0.00122146587818861
-0.0028222391847521067
-0.00652626808732748
3.2681327866157517e-06
-0.005251465830951929
-0.004127269145101309
-0.0012018335983157158
-0.002468693070113659
0.0016984733520075679
0.00039394767372868955
-0.002025906927883625
0.00123726692982018
-0.0018196048913523555
-3.3007420370267937e-06
-0.0019144804682582617
-0.001770867151208222
-0.001850384520366788
-0.0028960357885807753
6.428676715586334e-05
-0.0005145054310560226
0.00047590903704985976
-0.0012085129274055362
-0.0009964974597096443
-0.0005896279471926391
-0.002238169079646468
-0.003969864454120398
-3.0026249078218825e-05
-0.0018055655527859926
-0.003154495730996132
-0.0022608444560319185
0.00022050002007745206
-0.002698152558878064
-0.0003160750202368945
-0.0006488701910711825
0.0002763356897048652
-0.0007917869952507317
-0.000917529221624136
-0.0027759966906160116
-0.000491105078253895
-0.004310786724090576
-0.00029967690352350473
0.0007539669750258327
-0.004243046045303345
-0.0029856411274522543
-0.0018517107237130404
-0.0003176154277753085
-0.000801998539827764
-0.0012803156860172749
-0.0014275329886004329
0.0003390204510651529
-0.005485418252646923
-0.0019361975137144327
-0.0032962611876428127
-0.0005743639776483178
-0.0009805815061554313
-0.003353583626449108
-0.0011590850772336125
-0.0006362462881952524
0.0001702399313217029
-0.003201515646651387
-0.0022894132416695356
-0.0018002557335421443
-0.0007331257220357656
-0.002920594997704029
-0.0011673750123009086
0.0010059889173135161
-0.0009687921265140176
-0.0010112480958923697
-0.0016662362031638622
0.0012691528536379337
-0.0028727389872074127
-0.0018952122190967202
-0.00044059663196094334
-0.0035852212458848953
0.00029212303343228996
-0.003207630943506956
-0.0037618125788867474
-0.0005224120686762035
-0.0020331863779574633
-0.0022678584791719913
0.0008251594263128936
-0.00011981739953625947
-0.005026359111070633
-0.0041951206512749195
6.878074782434851e-05
-0.0007582535617984831
-0.0014908785233274102
-0.0021900623105466366
-0.0010899469489231706
-0.0034220570232719183
-0.003721556393429637
0.0008347639231942594
-0.0030700769275426865
-0.0006794522632844746
-0.0024201800115406513
0.0008371916483156383
-0.0029259149450808764
-0.003950486890971661
0.0011006996501237154
0.0021756859496235847
-0.0028030951507389545
-0.0015601592604070902
-0.0029888246208429337
-0.0011530370684340596
-0.002598299877718091
0.0012258096830919385
-0.0003551662666723132
-0.0024317007046192884
0.000996867660433054
-0.0026310367975383997
-0.0005132543155923486
-0.00240065879188478
-0.0006692534661851823
-0.0007351419189944863
0.00033888695179484785
0.0005256891599856317
-0.003067120211198926
-0.0013032364659011364
-0.0006508930819109082
0.0018176345620304346
-0.003404755610972643
-9.211205906467512e-05
