0.9440473914146423
0.9455729126930237
0.946577787399292
0.9470515251159668
0.9495859146118164
0.9442937970161438
0.9480688571929932
0.9427717924118042
0.945143461227417
0.9442304372787476
0.9476211071014404
0.9541292190551758
0.9443072080612183
0.9423518180847168
0.9465758204460144
0.9486348628997803
0.9442170262336731
0.9422823190689087
0.9415382146835327
0.9451780319213867
0.9465478658676147
0.9504320621490479
0.9440997838973999
0.9471781253814697
0.9435332417488098
0.9468616843223572
0.94687420129776
0.9413235783576965
0.9460768699645996
0.9487599730491638
0.9421038031578064
0.9649286270141602
0.9447802901268005
0.9438442587852478
0.9444108605384827
0.9509237408638
0.9431979656219482
0.9408357739448547
0.9460799098014832
0.9485626816749573
0.9438907504081726
0.9424241781234741
0.9443730115890503
0.9407961964607239
0.9446991682052612
0.9445651769638062
0.9451258778572083
0.9468960762023926
0.9435915946960449
0.9438179731369019
0.9431363940238953
0.9416812658309937
0.9504529237747192
0.9438799619674683
0.9424597024917603
0.9429090023040771
0.9445772171020508
0.9472795724868774
0.9387751817703247
0.9437646865844727
0.943530797958374
0.9439745545387268
0.9477589726448059
0.9471238851547241
