-0.003600156167522073
-0.00029699085280299187
-0.0002124519378412515
-0.001825660583563149
0.002079628175124526
-0.0016078854678198695
-0.002601343672722578
0.0004767653881572187
-0.00108063081279397
-0.0002149121864931658
0.001584828831255436
-0.0009397046524100006
-0.0006533925770781934
-0.004008003044873476
-0.0024963542819023132
-0.0036736454349011183
-0.002184976590797305
-0.0002975469105876982
-0.0007679599802941084
0.0007881466881372035
-0.0024545148480683565
-0.004595837090164423
-0.0034524346701800823
-0.0009122015908360481
-8.147425251081586e-05
-0.005824334919452667
-0.0010450660483911633
-0.0020103033166378736
-0.0013416417641565204
-0.0022958971094340086
-0.002576260594651103
-0.001150535186752677
-0.0028275535441935062
-0.0017915103817358613
0.0002745792153291404
0.0006643747910857201
-6.70687441015616e-05
-0.00013771095837000757
0.0006182671058923006
-0.00040022729081101716
-0.00022189892479218543
-0.0025547740515321493
0.0005929658655077219
-0.002671024529263377
-0.0013012202689424157
-0.0038243939634412527
-0.0018700816435739398
0.0013444105861708522
-0.0018498551798984408
-0.0030496735125780106
-0.0028471993282437325
-0.0007641037809662521
-0.001288224128074944
-0.000942928483709693
-0.0007766021299175918
-0.001964637078344822
0.00012030020297970623
-0.0022649909369647503
-0.0017263778718188405
2.5030742108356208e-05
-0.0013509130803868175
-0.001613527536392212
-0.0004019956977572292
-0.0010636434890329838
0.0011386360274627805
-0.0007654493674635887
-0.0022029730025678873
-0.005073589272797108
-0.0020468048751354218
-0.00035648111952468753
-0.002373033668845892
-0.0009592988644726574
-0.004785606171935797
-0.0036150277592241764
-0.0004479201743379235
0.0018701106309890747
-0.0018211262067779899
-6.431438669096678e-05
-0.0028771995566785336
-0.0010368248913437128
-0.0013156307395547628
-0.002758616581559181
-0.0024936203844845295
-0.002454114845022559
-0.0005003908881917596
5.680613321601413e-05
-0.0029484406113624573
2.3289154341910034e-05
-0.0027312454767525196
0.004218989983201027
-0.002270293887704611
-5.277137825032696e-05
-0.0023677032440900803
-0.0015081311576068401
-0.00042250941623933613
-0.0014140084385871887
-0.003398834029212594
-0.0030898412223905325
-0.0008161167497746646
-0.0005770232528448105
-0.0016542199300602078
-0.0009174872539006174
-0.002209860598668456
0.0008242177427746356
-0.003226145403459668
-0.0027918985579162836
-0.004029908683151007
-0.0012589929392561316
0.0008405898115597665
0.000946852145716548
-0.0002796626649796963
-0.003953184466809034
-0.001998631749302149
0.0008766116225160658
-0.002021981170400977
-0.0015099655138328671
0.0003961243783123791
-0.002701688092201948
-0.002438460709527135
0.0014629847137257457
-0.0014686296926811337
-0.0029756890144199133
-0.0007545411353930831
-0.0019687972962856293
-0.001833267044275999
-0.0012564469361677766
-0.0016980789368972182
0.0013516700128093362
