0.9437841773033142
0.9470263123512268
0.9471169114112854
0.9447596073150635
0.9463172554969788
0.9458214044570923
0.9447190761566162
0.9470300078392029
0.9477258324623108
0.9475255608558655
0.9505944848060608
0.9446134567260742
0.9443116784095764
0.945209801197052
0.9459848403930664
0.9453244805335999
0.942525327205658
0.9449038505554199
0.9449704885482788
0.9475324153900146
0.9474424123764038
0.9443817138671875
0.9469724893569946
0.9471290707588196
0.9452375173568726
0.9556499719619751
0.944873034954071
0.945666491985321
0.9466504454612732
0.9460135698318481
0.9441534876823425
0.9483073353767395
0.9449342489242554
0.946241021156311
0.943569540977478
0.946374773979187
0.9464367032051086
0.9472752213478088
0.9453939199447632
0.9467249512672424
0.9467535614967346
0.9456128478050232
0.9462726712226868
0.9470517039299011
0.9457186460494995
0.9450181126594543
0.9477647542953491
0.9472976326942444
0.9485177397727966
0.945020318031311
0.9437519907951355
0.9451159834861755
0.9466135501861572
0.9496780037879944
0.9481005668640137
0.9449540972709656
0.9483962655067444
0.9468534588813782
0.942661464214325
0.945740282535553
0.944298267364502
0.94523686170578
0.9465804696083069
0.9435722231864929
0.9478878974914551
0.944409191608429
0.9424551129341125
0.9416846036911011
0.9464449882507324
0.9488108158111572
0.9412346482276917
0.9453653693199158
0.9468160271644592
0.9451628923416138
0.9467016458511353
0.9494087100028992
0.9439495801925659
0.9451994895935059
0.9446698427200317
0.9453333616256714
0.9445059895515442
0.9443170428276062
0.9448419809341431
0.9445567727088928
0.9469735622406006
0.946368932723999
0.9437130689620972
0.9465078711509705
0.9443504810333252
0.9468613266944885
0.9465319514274597
0.945358395576477
0.9424809217453003
0.9456263780593872
0.9469507932662964
0.9467868804931641
0.9451903104782104
0.9428028464317322
0.9486381411552429
0.9449994564056396
0.943766176700592
0.9451567530632019
0.9461776614189148
0.9468852281570435
0.9423269033432007
0.9466726779937744
0.9472787380218506
0.9456772208213806
0.945557177066803
0.9459002017974854
0.9468896389007568
0.9413051009178162
0.9433051347732544
0.9488064050674438
0.9461319446563721
0.9464455246925354
0.9450653791427612
0.944153368473053
0.9450371861457825
0.9489019513130188
0.9449747800827026
0.9518038630485535
0.9460793733596802
0.942923367023468
0.947754979133606
0.9461361169815063
0.9469932913780212
0.9506093859672546
