0.943281888961792
0.9453490376472473
0.9461609721183777
0.9433725476264954
0.9444552063941956
0.9447064399719238
0.943110466003418
0.9479751586914062
0.944068968296051
0.9456214904785156
0.9463731050491333
0.947293221950531
0.9485375881195068
0.9433164596557617
0.9501955509185791
0.9505789875984192
0.9435655474662781
0.9456020593643188
0.9478669166564941
0.9420881271362305
0.9454448819160461
0.9449935555458069
0.9467496871948242
0.9482849836349487
0.9459555149078369
0.9479849934577942
0.9443458318710327
0.9448546767234802
0.944404125213623
0.9416813850402832
0.9425770044326782
0.9447877407073975
0.9460216760635376
0.9450562000274658
0.9424600601196289
0.9446890354156494
0.9445386528968811
0.9477974772453308
0.945446789264679
0.9451081156730652
0.9493091702461243
0.9452289938926697
0.9465148448944092
0.9446939826011658
0.945685088634491
0.9466737508773804
0.9494904279708862
0.9471657872200012
0.9454412460327148
0.9428912401199341
0.9460662007331848
0.9438836574554443
0.9487763047218323
0.9447005391120911
0.9424269199371338
0.9455982446670532
0.9432112574577332
0.9468261003494263
0.9468452334403992
0.9498001337051392
0.9493235945701599
0.9461877346038818
0.9419641494750977
0.9459433555603027
0.9442105293273926
0.9459075927734375
0.9461970925331116
0.9467180967330933
0.9443569183349609
0.9461163878440857
0.9464787840843201
0.9468123912811279
0.9446589350700378
0.9482093453407288
0.9436678886413574
0.9471826553344727
0.9444539546966553
0.9438416361808777
0.9445474147796631
0.9426025748252869
0.9459994435310364
0.9455001950263977
0.9447163939476013
0.9464735388755798
0.9463133811950684
0.9462857246398926
0.949142336845398
0.9474819302558899
0.9456227421760559
0.9454546570777893
0.95084547996521
0.9464474320411682
0.9471132755279541
0.9552891850471497
0.9462052583694458
0.9467569589614868
0.9442880153656006
0.9453681111335754
0.9445168972015381
0.9441949725151062
0.9479108452796936
0.9452998638153076
0.9458457231521606
0.9478594064712524
0.9460994005203247
0.947151243686676
0.9477465748786926
0.9436817765235901
0.9480714797973633
0.9448753595352173
0.9428579211235046
0.9447047710418701
0.9499070048332214
0.9495161771774292
0.9469019174575806
0.9437042474746704
0.9494665861129761
0.947464644908905
0.9489886164665222
0.9447116255760193
0.9444697499275208
0.9471664428710938
0.9426263570785522
0.9440239667892456
0.9476696252822876
0.9441927075386047
0.94676673412323
0.9454132914543152
