0.945973813533783
0.9464935064315796
0.947091281414032
0.9463573694229126
0.9457241892814636
0.94651198387146
0.9411927461624146
0.9470972418785095
0.9442180395126343
0.9473615884780884
0.9428727030754089
0.9467137455940247
0.9458059072494507
0.9495497345924377
0.9453702569007874
0.9455908536911011
0.9476370811462402
0.9500552415847778
0.9489260911941528
0.947176456451416
0.9470645189285278
0.9453500509262085
0.9454376697540283
0.9448729753494263
0.9457579851150513
0.9460187554359436
0.9453905820846558
0.9464535117149353
0.9451465010643005
0.9454307556152344
0.9454442262649536
0.9479010701179504
0.9489015340805054
0.9462167620658875
0.9456279873847961
0.9437586069107056
0.9459711313247681
0.9463942646980286
0.9460588097572327
0.9474526047706604
0.9464558362960815
0.9449650645256042
0.9482282400131226
0.9468704462051392
0.9456074833869934
0.9456539154052734
0.9477003812789917
0.9474784731864929
0.9459654092788696
0.9459831118583679
0.9474976658821106
0.9449063539505005
0.9469205141067505
0.942916750907898
0.9449878931045532
0.9469816088676453
0.9450247287750244
0.9478635787963867
0.9477837085723877
0.9440892934799194
0.946700394153595
0.945463240146637
0.9452282786369324
0.944855272769928
0.9441902041435242
0.9457162618637085
0.9458463788032532
0.947296679019928
0.9452270269393921
0.9467342495918274
0.9435864090919495
0.945951521396637
0.9462413191795349
0.9451846480369568
0.9463343024253845
0.9464563131332397
0.9457619190216064
0.9463515877723694
0.9440770149230957
0.9449192881584167
0.9451695084571838
0.9470940232276917
0.9466873407363892
0.9457266330718994
0.9461044073104858
0.945380449295044
0.9483767151832581
0.9491214156150818
0.9458791613578796
0.945436418056488
0.9440340399742126
0.946987509727478
0.949346661567688
0.9447533488273621
0.9471608996391296
0.9452360272407532
0.9453641772270203
0.9453874826431274
0.9446610808372498
0.9490669369697571
0.9436156153678894
0.9442613124847412
0.947015643119812
0.9445536732673645
0.946235179901123
0.9444883465766907
0.9430533647537231
0.9464283585548401
0.9448857307434082
0.9454295635223389
0.9461458325386047
0.9482671618461609
0.9460766911506653
0.9465422034263611
0.9425023794174194
0.9483323693275452
0.944622278213501
0.9453290700912476
0.9457105994224548
0.94659423828125
0.9447689056396484
0.948322594165802
0.9469952583312988
0.9464391469955444
0.9461725354194641
0.943733274936676
0.9471940398216248
0.9439220428466797
0.9442010521888733
0.9460764527320862
0.9466859698295593
0.9454214572906494
0.946361780166626
0.9438885450363159
0.9441147446632385
0.9465996026992798
0.9468612670898438
0.9452271461486816
0.945864737033844
0.9465442895889282
0.9449004530906677
0.9467017650604248
0.945497453212738
0.9461593627929688
0.945659339427948
0.9446729421615601
0.9446168541908264
0.9457689523696899
0.9463620185852051
0.9461315870285034
0.9466226100921631
0.9452096819877625
0.9431716799736023
0.9471337795257568
0.9435599446296692
0.9471339583396912
0.9488210082054138
0.9484500885009766
0.947309136390686
0.9469813704490662
0.9494310021400452
0.9434220790863037
0.9456787705421448
0.9457322359085083
0.9449973702430725
0.9443385601043701
0.9444283246994019
0.9447934031486511
0.9467702507972717
0.9462063312530518
0.9442107677459717
0.944636344909668
0.9437161684036255
0.9492013454437256
0.9457423090934753
0.9462899565696716
0.946419894695282
0.9464693665504456
0.9481325149536133
0.9456697702407837
0.9469164609909058
0.9431969523429871
0.9456762671470642
0.9449570775032043
0.9478616118431091
0.9469658136367798
0.9461429715156555
0.9481677412986755
0.9464011788368225
0.9466602206230164
0.9474905133247375
0.9462446570396423
0.9455451369285583
0.9469714760780334
0.945912778377533
0.9441737532615662
0.9467955231666565
0.9478779435157776
0.9463328123092651
0.946835994720459
0.9449400305747986
0.9467731714248657
0.9427728056907654
0.9456032514572144
0.9484226107597351
0.9457913041114807
0.9463762640953064
0.9464205503463745
0.9462316632270813
0.9461703300476074
0.9448015093803406
0.9461047053337097
0.9454285502433777
0.9441035389900208
0.9472830891609192
0.9453566074371338
0.9458535313606262
0.9458143711090088
0.9445428848266602
0.9444853663444519
0.9463530778884888
0.9469547271728516
0.9467548131942749
0.9426841735839844
0.9464795589447021
0.9463123679161072
0.9459362030029297
0.9456029534339905
0.9457105994224548
0.9427216649055481
0.9460141062736511
0.9455753564834595
0.9473556876182556
0.943188488483429
0.9476587772369385
0.9476395845413208
0.9459819197654724
0.9454241394996643
0.9448431730270386
0.9452035427093506
0.9456176161766052
0.9460397958755493
0.9445058107376099
0.9438592195510864
0.945076584815979
0.9447106122970581
0.9447910785675049
0.9465177059173584
0.9451963901519775
0.9439696669578552
0.944595217704773
0.9473181366920471
0.9439042210578918
0.9456753730773926
0.946287989616394
0.9459235668182373
