0.9487687945365906
0.9455148577690125
0.946527898311615
0.9465276598930359
0.9488441348075867
0.9442694783210754
0.9451674818992615
0.9468456506729126
0.9481823444366455
0.9489353895187378
0.9473093152046204
0.9481508731842041
0.9474848508834839
0.9481862783432007
0.9479442834854126
0.9482339024543762
0.9522429704666138
0.947433352470398
0.947151243686676
0.9469618201255798
0.9462215304374695
0.945495069026947
0.9467051029205322
0.9481533765792847
0.9477697014808655
0.9468429684638977
0.9493384957313538
0.947688102722168
0.945702314376831
0.9470758438110352
0.9499731659889221
0.9502752423286438
0.9459627866744995
0.9434205889701843
0.9489136338233948
0.9452330470085144
0.9451907873153687
0.9469002485275269
0.9458029866218567
0.9472524523735046
0.9483644366264343
0.9463751912117004
0.9477618336677551
0.9444034695625305
0.9482577443122864
0.9463571310043335
0.9477934837341309
0.946245014667511
0.9476466774940491
0.945540726184845
0.9478285908699036
0.9488304257392883
0.9478451013565063
0.9442062377929688
0.9459847211837769
0.9485549330711365
0.9467571377754211
0.9447556734085083
0.9468387365341187
0.9470654726028442
0.9467082023620605
0.9476851224899292
0.947573721408844
0.9486809372901917
0.945925235748291
0.9466018676757812
0.9459114074707031
0.9492260217666626
0.9457035660743713
0.9478521943092346
0.9453258514404297
0.948875904083252
0.9481334686279297
0.9453328847885132
0.9436802268028259
0.9442741274833679
0.9454993009567261
0.9463823437690735
0.9479918479919434
0.9460130333900452
0.9466202855110168
0.9470062255859375
0.945303738117218
0.947037935256958
0.9492343664169312
0.9480774998664856
0.9452338814735413
0.9465363025665283
0.9450637102127075
0.9454403519630432
0.9453657269477844
0.9480857253074646
0.947837233543396
0.9486923217773438
0.9475491642951965
0.9444218277931213
0.9476922154426575
0.9469767808914185
0.9461686015129089
0.9489359259605408
0.9466862082481384
0.9481847882270813
0.9466679692268372
0.9454624056816101
0.9447807669639587
0.9451891183853149
0.9461557269096375
0.9482354521751404
0.945704460144043
0.9455581307411194
0.9445953965187073
0.9451364278793335
0.9459974765777588
0.945591151714325
0.9470019936561584
0.9468765258789062
0.9462772607803345
0.9466586709022522
0.9463997483253479
0.9476557374000549
0.9481523036956787
0.9503324627876282
0.9471286535263062
0.9460895657539368
0.9470387697219849
0.9488121271133423
0.9470133781433105
0.9456599354743958
0.9472978711128235
0.9437417387962341
0.9465537667274475
0.9480469822883606
0.9482846260070801
0.9457061886787415
0.948117196559906
0.9464101791381836
0.9484074115753174
0.9476429224014282
0.9456862211227417
0.9446536302566528
0.9472625255584717
0.9482172131538391
0.9481837749481201
0.9479812979698181
0.9471203088760376
0.9460818767547607
0.9476707577705383
0.9441839456558228
0.9490396976470947
0.9473894834518433
0.946601152420044
0.9493812322616577
0.9506118893623352
0.9473758935928345
0.9473717212677002
0.9470779299736023
0.9469205141067505
0.9476280808448792
0.9457942843437195
0.9478967189788818
0.9463329315185547
0.9484046697616577
0.9447162747383118
0.9467259049415588
0.9478467702865601
0.9483779072761536
0.945156991481781
0.9442144632339478
0.9461175799369812
0.9485765695571899
0.947402834892273
0.9464039206504822
0.945301353931427
0.9458574056625366
0.944526195526123
0.9501540660858154
0.9482166767120361
0.9455246925354004
0.9482224583625793
0.9503130316734314
0.9475511312484741
0.9446155428886414
0.9459689855575562
0.9488811492919922
0.945725679397583
0.9475886225700378
0.946111798286438
0.9488174319267273
0.9458282589912415
0.9459433555603027
0.9484279751777649
0.9486752152442932
0.9459240436553955
0.9470459818840027
0.9464983344078064
0.9478209018707275
0.9465280175209045
0.9479436278343201
0.9471679329872131
0.9471122622489929
0.9479469060897827
0.9499013423919678
0.9470782279968262
0.9466443061828613
0.9462359547615051
0.9478309750556946
0.9444828033447266
0.9489140510559082
0.9460377097129822
0.9487317204475403
0.9477341175079346
0.9453220963478088
0.9480859041213989
0.9503692984580994
0.9471265077590942
0.9468846917152405
0.9472638368606567
0.9435303211212158
0.9470490217208862
0.946140706539154
0.9458155035972595
0.9477760791778564
0.945655882358551
0.9463843703269958
0.9475754499435425
0.9463430047035217
0.9456647038459778
0.946003794670105
0.9473341107368469
0.9479358196258545
0.9476832747459412
0.9462260007858276
0.9469913244247437
0.9461429715156555
0.9463121891021729
0.9481704831123352
0.9474215507507324
0.9482056498527527
0.947488009929657
0.9470294117927551
0.9453667998313904
0.9470383524894714
0.9513590335845947
0.9486843943595886
0.9451662302017212
0.9476770162582397
0.9472010135650635
0.94482421875
0.9461835026741028
0.947913408279419
0.9453094601631165
0.9476379752159119
0.9457077383995056
0.9484707117080688
0.9443197846412659
0.9481226205825806
