0.9962831139564514
0.9943720698356628
1.002509593963623
0.9994205832481384
0.9973848462104797
1.0009939670562744
0.9966446757316589
1.0033665895462036
0.9968446493148804
0.9975818991661072
1.002408742904663
0.9976530075073242
1.001118540763855
1.0028196573257446
0.9968926906585693
1.009443998336792
1.001475214958191
1.0051193237304688
0.9939999580383301
1.0013527870178223
0.9995923638343811
1.001819372177124
0.9981566071510315
0.9993944764137268
0.9974223375320435
0.9975534081459045
1.0121068954467773
0.9973174333572388
0.995123028755188
1.0000969171524048
0.9970722794532776
1.0025835037231445
0.9932653903961182
1.0035171508789062
0.9954395294189453
0.9993525147438049
1.0044987201690674
0.9910008907318115
1.0017774105072021
1.0072299242019653
1.0005414485931396
0.9912672638893127
1.0021475553512573
1.0041803121566772
1.004889965057373
1.0030345916748047
0.9953824877738953
0.9959180951118469
0.9971363544464111
1.004368782043457
1.0029245615005493
1.00826895236969
0.9953678846359253
1.0010467767715454
0.9914085268974304
0.999704897403717
0.9907472133636475
0.9954071044921875
1.0000402927398682
0.9977558255195618
1.0180460214614868
0.9958856105804443
1.0119092464447021
1.000433087348938
