0.002661987440660596
0.0034061346668750048
0.00011546978203114122
0.0013986442936584353
0.0017513604834675789
0.0013715631794184446
0.0011363126104697585
0.0014436732744798064
0.0011766421375796199
0.0013429766986519098
0.001574677531607449
0.0017934396164491773
0.0017717414302751422
0.00203737267293036
0.0012024481547996402
0.003046352183446288
0.001232192269526422
0.0012649932177737355
0.00013601566024590284
0.0010067366529256105
0.0017986507155001163
0.001768976915627718
0.002622505882754922
0.004389935173094273
0.0017348385881632566
-0.0007828500820323825
0.0014846997801214457
0.0012315954081714153
0.0011764341033995152
0.002790863625705242
0.0033221724443137646
0.00329871429130435
0.0011701700277626514
0.0021781811956316233
0.003903581527993083
0.0007996388012543321
0.0018449272029101849
0.0017014540499076247
0.002624684711918235
0.002304281108081341
0.0009640450589358807
0.0013723298907279968
-0.0004983210237696767
0.0016643841518089175
0.0014038451481610537
0.002108868909999728
0.002678079064935446
0.0025969422422349453
0.0016738881822675467
0.002335570054128766
5.5690252338536084e-05
0.0008158436394296587
0.002415270544588566
0.0030667849350720644
0.001398465596139431
0.001810095040127635
0.0031965747475624084
0.0016855396097525954
0.0018858406692743301
0.002009612275287509
0.002805683994665742
0.0009931355016306043
0.0026006409898400307
0.002372513059526682
0.002135497285053134
0.0019939157646149397
0.002159425988793373
0.0010605748975649476
0.0006971026305109262
0.002224970143288374
0.003483738284558058
0.002471016254276037
0.0017899938393384218
0.0031123736407607794
0.0010073604062199593
0.0012972431723028421
0.00041239397251047194
0.002025980269536376
0.0006945956265553832
0.0030184045899659395
0.003259930294007063
0.004360489081591368
0.0007760231965221465
0.0014926166040822864
0.00039650811231695116
0.0005773910088464618
7.424985233228654e-05
0.0023343791253864765
0.0003919369191862643
0.0008078361861407757
0.0010133552132174373
0.0013546987902373075
-0.000604481901973486
0.003217051737010479
0.00238166400231421
0.0007613859488628805
0.0023843490052968264
0.002076165284961462
0.0015796886291354895
0.004022960551083088
0.004328105133026838
0.002767249010503292
0.004497247748076916
0.002164057455956936
0.0009384097065776587
0.003735418664291501
0.0013071770081296563
0.0005674835992977023
0.0044972156174480915
0.00046909702359698713
0.0018387810559943318
0.0008067338494583964
0.0016150817973539233
0.003463885746896267
0.0031858710572123528
0.0016674925573170185
0.001526870415546
0.00043835819815285504
0.0018994290148839355
0.00045916021917946637
0.0008994751842692494
0.0012084096670150757
0.001407172647304833
0.0022739372216165066
0.001588336075656116
0.0023657011333853006
0.0019008065573871136
0.0018137589795514941
0.0016776265110820532
0.0028017007280141115
0.0022846278734505177
0.0006528546218760312
0.0015206137904897332
0.0015788163291290402
0.0011009636800736189
0.001656374428421259
0.003411449259147048
0.002234759973362088
0.0021041075233370066
4.679165795096196e-05
0.001425539841875434
0.0018996273865923285
0.0027873986400663853
0.0012110373936593533
0.0026726212818175554
0.002686313586309552
0.002147708088159561
-7.045674283290282e-05
0.00372509378939867
-0.00022465488291345537
0.0019368308130651712
0.0023399528581649065
-0.00019810310914181173
0.0020089983008801937
0.000996244023554027
0.004159967415034771
0.0036755362525582314
0.0024334208574146032
0.00019527699623722583
0.0007341149030253291
0.003109000390395522
0.0012148554669693112
0.0008437169017270207
0.000843286863528192
0.00035260949516668916
0.0001648435863899067
0.0031575188040733337
0.002298906911164522
0.004021885339170694
0.0016963337548077106
0.002337452955543995
0.0033347615972161293
6.965865031816065e-05
0.0006407806649804115
0.0021306786220520735
0.0020645696204155684
0.0012867965269833803
0.0016782406019046903
0.0016829664818942547
0.0023486821446567774
0.0018266750266775489
0.0007846166263334453
0.0006044663023203611
0.0009580010082572699
0.0002662359329406172
0.0027099272701889277
0.0020315079018473625
0.0017190802609547973
0.0008169207139872015
0.002144601196050644
0.00020305716316215694
0.0014569507911801338
0.0036968044005334377
0.003259910037741065
0.0005066865123808384
0.0008645317866466939
0.0016649143071845174
-0.0005254169227555394
0.003775316756218672
0.0014192580711096525
0.002862263470888138
0.002240582834929228
0.002215281128883362
0.003465774469077587
0.002976203802973032
0.0010634998325258493
0.001497101504355669
0.0017301536863669753
0.0017043924890458584
0.0016567854909226298
0.002529306337237358
0.0018602075288072228
0.0017222549067810178
0.0007943721138872206
0.0029634495731443167
0.0012578153982758522
0.0034962850622832775
0.0019013459095731378
0.0014200512086972594
0.0021573277190327644
0.005367774982005358
0.00228814291767776
7.512526644859463e-05
0.00105845439247787
0.0012386810267344117
0.0018409340409561992
0.0015554489800706506
0.0028593542519956827
0.0012470893561840057
0.003487544134259224
0.000670282228384167
0.0005331140710040927
0.0005855219205841422
0.0018630244303494692
0.0004648325848393142
0.0008524619042873383
0.003484513610601425
0.0015764257404953241
0.00170026661362499
-0.00016868507373146713
0.0022671136539429426
0.001719776657409966
0.0014689875533804297
0.0033811989706009626
0.00036454503424465656
0.0018215898890048265
0.0010511123109608889
0.00036282456130720675
0.0025774831883609295
0.0025081937201321125
-0.0006078499718569219
0.0016600214876234531
0.0035882017109543085
0.004760115407407284
0.003975072875618935
0.0002506138989701867
0.002240063389763236
0.0026242893654853106
0.002764202421531081
0.00048037877422757447
0.0010868037352338433
0.000732221407815814
0.0016590773593634367
0.0008427871507592499
0.0007555469055660069
0.0012223271187394857
0.002231050981208682
0.0005852218018844724
0.0015454668318852782
0.002846476621925831
0.00449557788670063
0.00408712774515152
0.001173676340840757
0.002832400845363736
0.0032484231051057577
0.0018549299566075206
0.0005303807556629181
0.0044733500108122826
0.0024003256112337112
0.0013618932571262121
0.002543088747188449
0.0029736501164734364
0.0012495460687205195
0.0008534137159585953
0.000607157067861408
0.0023296840954571962
0.0011555063538253307
0.000642193655949086
0.0030080843716859818
0.0017963186837732792
0.0014749264810234308
0.0014135859673842788
0.0026138643734157085
0.0039842380210757256
0.002720056101679802
0.003253985894843936
0.0016807207139208913
0.0046348269097507
0.001249017077498138
0.0018327287398278713
0.002820526482537389
0.000946983986068517
0.002485864795744419
0.0018479172140359879
0.0018313522450625896
0.0010251981439068913
0.0006991662085056305
0.0030553038232028484
0.0010660511907190084
0.0034628594294190407
0.003086074022576213
0.00022453335986938328
0.0020219164434820414
0.0007579624652862549
0.0033743702806532383
0.0030551936943084
0.002171231433749199
0.0028038984164595604
0.001851096749305725
0.0009371279156766832
0.0015138952294364572
0.002342355204746127
0.0011582410661503673
0.0010492876172065735
0.0030230828560888767
0.002378952456638217
0.0007055521127767861
0.0012353801866993308
0.002277784515172243
0.0008611014927737415
0.0028346949256956577
0.00017199704598169774
0.0028984842356294394
0.0022932542487978935
0.0017677779542282224
0.0008574857492931187
0.003169398522004485
0.0037275939248502254
0.002444980898872018
0.002147484803572297
0.0036176443099975586
0.003283195197582245
0.0014069469179958105
0.0009202142246067524
0.0038715635892003775
0.0033571519888937473
0.0016069235280156136
0.0008263883646577597
0.0006682624225504696
0.0013413357082754374
0.0012113391421735287
0.000928733788896352
0.0011129322228953242
0.0008803728269413114
0.003714530961588025
0.002387510146945715
0.0027576733846217394
0.0005452862242236733
0.0022463726345449686
0.0030330768786370754
0.0008257512236014009
0.0003037767601199448
0.003958068788051605
0.0009427368640899658
0.0014953498030081391
0.003414666512981057
0.0010981874074786901
0.003557745600119233
0.001219400786794722
0.002161117270588875
0.0013422445626929402
0.0007441642810590565
0.0012891666265204549
0.002050805604085326
0.00037520009209401906
0.0016531640430912375
0.0016012133564800024
0.0014732539420947433
0.0022445013746619225
0.003964513540267944
-0.00028222010587342083
0.0038765836507081985
0.001549666398204863
0.0029965771827846766
0.002461184049025178
0.0021338320802897215
0.0030834053177386522
0.00270127528347075
0.001827872940339148
0.002180368872359395
0.001482355990447104
0.0009544273489154875
0.002319138031452894
0.002482630079612136
0.0020819196943193674
0.00043140858178958297
0.0028416067361831665
0.0019555240869522095
0.0011091959895566106
0.000556985498405993
0.0028836822602897882
0.00025445636129006743
0.0015829165931791067
0.001930888625793159
0.002811757382005453
0.0028878001030534506
0.002103055827319622
0.0018354285275563598
0.000409108615713194
0.0010509139392524958
0.0014609299832955003
0.003296123817563057
0.0013768688077107072
0.000741718162316829
0.002897821832448244
0.0009484142647124827
0.0032906176056712866
0.0006795329973101616
0.002409671898931265
-0.0007332045352086425
0.0017446140991523862
0.0007411583792418242
0.0008231158717535436
0.002864436013624072
0.00324144191108644
0.002385033993050456
0.002237367443740368
0.0019567289855331182
0.002875348785892129
0.0015766983851790428
0.00015925605839584023
0.001122758723795414
0.0027951793745160103
0.0008586547919549048
0.0011473885970190167
0.0018380190012976527
0.001597890048287809
0.0004798822628799826
0.001031546271406114
0.003917819354683161
0.0044482373632490635
0.0017229269724339247
0.0024037605617195368
0.002186540048569441
0.001517323195002973
0.0020420821383595467
0.0004584256384987384
0.0007155279163271189
0.0015733165200799704
0.0022192758042365313
0.001824442413635552
0.002770800609141588
0.0009941720636561513
0.0007446929230354726
0.003273127367720008
0.0021409562323242426
0.0018362903501838446
0.0019663104321807623
0.002533636288717389
0.0007731370278634131
0.0021608781535178423
0.002207506913691759
0.002421752316877246
0.0016645106952637434
0.002872785786166787
0.0020783718209713697
0.0009137674933299422
0.002315027406439185
0.0015922932652756572
0.0047256420366466045
0.0019416608847677708
0.0010387845104560256
0.0022174182813614607
0.002005011774599552
0.001108598313294351
0.0022849810775369406
0.000932659488171339
0.0030193899292498827
0.0014888639561831951
0.002918277634307742
0.004010123200714588
0.0012727549765259027
0.0009002622682601213
0.0022400016896426678
0.0024242661893367767
0.0009024262544699013
0.003907414153218269
0.0033599408343434334
0.0020342175848782063
0.0010520557407289743
0.0024457199033349752
0.0006773859495297074
0.0036194243002682924
0.002776993438601494
0.0021235852036625147
0.0011417900677770376
0.0029769937973469496
0.0019033527933061123
0.003775055054575205
0.0018089580116793513
0.00467600766569376
-5.604339821729809e-05
0.002382352715358138
0.0024766367860138416
0.0038966441061347723
0.002282463014125824
0.0024976173881441355
0.001865882077254355
0.0023828884586691856
0.0045120264403522015
0.003384167095646262
0.0014644121984019876
